0.0011492588541407263,1.2028010388892354e-07,4.3734670881561605e-13,3.4949669965642693e-12,1.8960663591548226e-24,3.742847244852476e-16,3.882704710029235e-24
0.001043346178861052,9.791868267370858e-08,3.519954475530847e-13,2.8717054707484834e-12,2.56930835276458e-24,7.770199655081782e-16,1.3170557764925807e-24
0.0009528668330146638,8.534721301133662e-08,1.8140193377073923e-13,1.2162502298022182e-12,4.870087490662972e-25,2.574248939614235e-16,2.9865171060551784e-25
0.0010142937524499375,9.72834156657994e-08,7.236343364877088e-13,4.579987690923442e-12,6.098429030398396e-24,8.536055839961472e-16,5.685906887254015e-24
0.0009911675754398937,8.966471020222529e-08,1.680541484132968e-12,7.837041927704128e-12,1.9297290463726713e-23,1.8776935010329417e-15,2.0893417783216086e-23
0.0010622739356643007,1.040845833196802e-07,2.2035187945860628e-13,1.9691060957782205e-12,1.2937739209191537e-24,6.334809935244058e-16,-9.235306507496009e-26
0.0010039228712814725,9.430835711229032e-08,1.0024115638659354e-12,5.66450982823802e-12,8.331853750719207e-24,8.481559387841988e-16,1.0619500652611916e-23
0.0010600990606656137,1.017490270950006e-07,4.138636727573401e-13,3.1359056295908532e-12,3.50465063833214e-24,9.926290501327056e-16,6.929882138222638e-25
0.0010962372419618294,1.1187390155497752e-07,8.19948118268824e-15,1.7760689784399934e-13,6.271109816499387e-27,4.276601792864688e-17,2.5710938076738925e-27
0.001026131895937235,9.851195112137804e-08,5.552230164293554e-13,3.1028065028705895e-12,2.3697503951784177e-24,4.848199034455966e-16,3.312083414513171e-24
0.000965004540238763,8.641247974226057e-08,2.346112130849876e-13,1.4749455554291339e-12,6.706690246709474e-25,2.6457206529006997e-16,5.504526072584276e-25
0.0009988919776756742,1.0375005688686229e-07,2.5375892471950494e-12,8.569704713785632e-12,-1.4234097777642765e-24,-7.328680220070652e-16,3.9937768110232786e-23
0.0011476796598492993,1.3907605664542734e-07,4.9956652044987614e-12,1.6416187838712828e-11,1.329758063050373e-22,5.589005996655526e-15,6.647067340503327e-23
0.0010318745926156479,9.226740903408355e-08,9.717480068386752e-13,8.789653962848971e-12,2.4837689161373137e-23,2.4804138239909196e-15,6.555556016927074e-24
0.0009636710056341629,8.677010336880687e-08,2.5932180594734977e-13,1.0330548548918846e-12,5.002057060394349e-25,2.885172842614014e-16,1.8892056699499578e-25
0.0009344332637873471,8.204419415476502e-08,1.1477777179711014e-13,7.44627405937377e-13,2.0726912377946727e-25,1.9642199693587795e-16,-6.654483505434725e-26
0.0010496240621004275,1.1722123001038703e-07,1.4696543101830778e-12,3.4029505768164673e-12,5.600782077377072e-24,9.461135996272266e-16,5.152188615079498e-24
0.0008625534768363307,7.231504140521913e-08,1.7835060929001092e-13,5.631498471756806e-13,3.218057127142561e-26,1.0941800709681552e-16,1.7554808384836187e-25
0.0010634830574361308,1.055121379956015e-07,2.8410193859949103e-13,1.9393790306428896e-12,-5.192030216992332e-26,-1.508718845353981e-16,1.4386279440806971e-24
0.0009712414490363336,8.90270005988713e-08,3.1075023940046124e-13,2.0664068345278093e-12,1.3732061676773228e-24,4.628698911279397e-16,-9.253384350371788e-25
0.0008863942220244904,7.080235546503263e-08,4.334194099441619e-13,3.542001990141739e-12,4.24301553797274e-24,8.938302298963018e-16,-1.1210493188453958e-24
0.0009532610736617381,8.802914554390587e-08,2.5383497654789684e-13,1.1641833142778247e-12,4.196905437140986e-26,-5.88129281263807e-17,6.314670522389152e-25
0.0009475281053761204,8.980095176490666e-08,8.790468972190543e-13,2.6571116941041255e-12,-2.343691680026787e-24,-5.688292954386436e-16,3.316308177792957e-24
0.0011418056791089339,1.1551396296996737e-07,7.268098194252725e-13,6.851726912852169e-12,1.3199421538729224e-23,1.8847847750948232e-15,-7.717679335040218e-24
0.0010597713355174345,1.0496147264097585e-07,9.786028942110322e-14,3.7115706892359956e-13,-6.190838980487222e-26,-1.1604047761638688e-16,-3.4218680629764673e-26
0.0010949757228326381,1.0931968794531641e-07,6.789533324907141e-13,4.650654041442991e-12,4.741038654069596e-25,-3.7340594813993197e-17,8.250402601149426e-24
0.0008722936534641607,7.4455513004396e-08,2.561820745758922e-13,1.1142616516981609e-12,-2.4697552436267312e-26,-6.492541827250815e-17,-5.948138860145974e-25
0.0010464044249606694,9.949848852716221e-08,6.649875914330182e-13,4.461087025805119e-12,6.0245916789592215e-24,9.816450708965873e-16,4.768945130510282e-24
0.0010556070474403907,1.0404350569233444e-07,1.8273600501379774e-13,1.4276412895641655e-12,5.245022568912011e-25,2.319433957915996e-16,5.065722654024191e-25
0.0010474878759818475,1.0099553706972479e-07,1.7389001600771135e-13,9.362383701197684e-13,-2.7238080487998176e-25,-2.1196562250917676e-16,2.6174792669154376e-25
0.0010088270223561012,9.429003512924078e-08,3.893613689219496e-13,2.57159961813572e-12,1.8323107789168063e-24,4.931259527802167e-16,1.806719911789555e-24
0.000925886531720103,7.886988957931617e-08,6.983269223614178e-13,4.992953873881102e-12,9.31239411881301e-24,1.4010670506915222e-15,-4.490695003570351e-25
0.0009684910407312319,8.547119055563647e-08,2.6372089334425874e-13,1.7572693031674178e-12,7.637130869327119e-25,2.9168010712232044e-16,9.207647917777918e-25
0.000986461819912835,8.504233016627456e-08,2.7094421862426187e-12,1.1499615735506465e-11,5.975833582974019e-23,2.8962503929262275e-15,-2.3436107279265613e-23
0.0010065260171672028,9.348180818988993e-08,3.739992813409258e-13,2.378160173324472e-12,1.796109191660747e-24,4.976905363757939e-16,1.343240087038491e-24
0.0009922297472113942,9.559091103184432e-08,2.3521562237972843e-13,9.28621393083425e-13,-2.2679901470921414e-26,-4.870520768751369e-17,4.334083732454649e-25
0.0009380347374890918,8.265342423148605e-08,9.029929607248448e-14,4.769161094507166e-13,8.69547307595878e-26,5.464367107998316e-17,4.726529283997886e-26
0.0009585023494197548,8.488759424016494e-08,4.4664151571397217e-13,2.6377631758996365e-12,1.3865861907310128e-24,2.777412342054257e-16,2.5049145422648557e-24
0.0009626594381394553,8.54965389803166e-08,2.743585229238926e-13,2.005493098821191e-12,1.430023527499963e-24,5.703723983811672e-16,-4.0992139806902998e-25
0.0009442125962640269,8.357374175734609e-08,6.077465253653438e-14,2.4729792755344423e-13,-3.595732794475433e-27,-1.996261551876405e-17,3.0103412836374e-26
0.0008136551157286835,6.237744259925284e-08,1.1898393799702197e-13,7.923871942338527e-13,2.345849633630194e-25,1.8364416741162806e-16,-6.45525312688336e-26
0.001012214768498429,1.0334992622825576e-07,5.707937268722893e-12,1.946965281969672e-11,1.752525068792471e-22,4.9497258636622055e-15,-1.068312082622851e-22
0.0010069633768562108,9.532908214921442e-08,2.5713107726955666e-13,1.2447624630335746e-12,1.749711883838596e-25,3.475579929868998e-17,6.821347514038407e-25
0.0008820749694582355,7.631751936583154e-08,5.424456942022053e-13,2.6830902622194187e-12,5.250746953869192e-25,3.2703032831764195e-17,-3.1940419260122542e-24
0.0010216568623458019,1.0061875466272922e-07,1.1335874841745818e-13,4.049575701339944e-13,-6.969474411510667e-26,-1.143024114467273e-16,5.1678931270652334e-26
0.0009523732909304936,8.400439135758452e-08,5.993508943912687e-13,3.670872559546711e-12,2.202201361892279e-24,3.0592619444389366e-16,4.9797467406672425e-24
0.0009356677934812324,8.152286183080783e-08,3.6329481191420114e-13,2.1907595522511878e-12,1.2807417723804275e-24,3.5175556367764344e-16,1.4763212316583628e-24
0.0008498115239311845,6.858723126639236e-08,1.1850714080553354e-13,7.508662042095798e-13,2.0032365861907163e-25,1.7151648372818863e-16,1.0019509057883953e-25
0.0010183708853754748,9.509866806113525e-08,1.3059111364098035e-12,7.917384902759628e-12,1.8396279309157333e-23,1.6042548758935474e-15,1.759835497915559e-23
0.0009108263935076521,7.552454017260837e-08,4.3255842055731696e-13,3.4571008148511288e-12,3.955723589074438e-24,8.976497664939311e-16,-1.4914991628765037e-24
0.000894817228677259,7.571743066445889e-08,2.6626220393335818e-14,9.553062565828717e-13,1.21982348880461e-25,2.4017860101879837e-16,-9.128873716562938e-26
0.0009486973184543773,8.58702871972007e-08,1.9534840851128625e-13,1.3646148254359455e-12,6.738380727338353e-25,3.823451898731748e-16,-2.0579554815119403e-25
0.0010846663741430895,1.1091691858719469e-07,1.450554188473411e-14,5.437101472620372e-14,-1.050075608000832e-27,-1.742198830979965e-17,-1.1085331724825252e-27
0.0009403529775008296,8.49894087540753e-08,5.023286389260223e-13,2.1666072264709923e-12,4.953969300960196e-25,7.766538101217109e-17,2.2053332651628112e-24
0.0010660155321870436,1.0902148524061556e-07,1.1166192784270884e-12,4.504072836934085e-12,-5.983287190018955e-24,-9.77443229124782e-16,8.138103933217439e-24
0.0009140688389932007,8.284767141316214e-08,6.741315822226719e-13,3.33651487510225e-12,5.7129818533551e-25,2.5844975300321963e-16,4.971218725186722e-24
0.000874888637606106,7.375725667719677e-08,8.631134534987865e-14,6.21132468068066e-13,1.3965110005702032e-25,1.6200830078623546e-16,3.436431192354927e-26
0.0009821643153847778,9.322429930955407e-08,8.496119831398303e-13,4.031350480874313e-12,-1.7245996900608488e-25,-3.7396742892013847e-16,7.458819404079706e-24
0.000981216597688912,9.001489039217726e-08,3.2752657783594265e-13,2.379917284268141e-12,1.9518124871878457e-24,6.349709862687245e-16,-7.781018833712149e-25
0.0011062683289728135,1.4067602791180516e-07,9.450421707222408e-12,2.747899811354961e-11,2.0183329237927207e-22,4.512715459744772e-15,3.941479555420893e-22
0.001043467894732477,1.0142538993914232e-07,9.70298005122327e-13,6.744984527538188e-12,9.729625359590884e-24,9.915850233528948e-16,-1.4250677656637637e-23
0.0009652146495109917,8.610611729585131e-08,8.218988579719211e-14,5.62723295154026e-13,1.159709996746964e-25,1.5917713658507343e-16,-3.458596043875132e-26
0.000937287816140121,8.49558819414979e-08,2.282243810925161e-13,1.2687798756117222e-12,4.570656684628058e-25,2.1339123089269647e-16,-5.071842036858493e-25
0.0010596622097267636,1.1977636424823182e-07,2.8768527049549602e-12,8.795782587164444e-12,3.130241459741126e-23,2.2098235912956755e-15,3.1270370127902847e-23
0.0009730628052844294,8.624573949074676e-08,7.211785237436176e-14,5.95867291608054e-13,1.1730831986700968e-25,1.5885996579977296e-16,-3.868514950336892e-26
0.001101066860982023,1.0870471950654463e-07,4.3636249905545445e-13,3.317784925536838e-12,2.3813578309173755e-24,5.204258241035243e-16,3.203998147618211e-24
0.001047331503987392,1.1617671914511144e-07,2.138901850025015e-12,4.971438767116399e-12,1.0855429181731053e-23,1.1043004907826067e-15,-1.204021532643866e-23
0.0010009922862830559,9.329228482704073e-08,1.5769960331510025e-13,9.65830439108835e-13,1.8293356702043018e-25,7.958298113441171e-17,3.295685271362411e-25
0.000980411766210016,9.103673525118188e-08,6.92136950463557e-13,4.031569568575253e-12,5.960695534850812e-24,9.824778084574546e-16,3.1343253469760033e-24
0.0009731156529810615,8.867023434413535e-08,3.205115322559517e-13,1.6737565247481541e-12,4.482568244996987e-25,1.445037977026427e-16,1.1410226486929361e-24
0.0009390183816539448,8.062073465752323e-08,1.1469303457274067e-13,1.0319623053526374e-12,3.512154743323706e-25,2.816659478584434e-16,-5.189931551979012e-26
0.001021054473372095,9.851220125767977e-08,5.310164830863075e-13,3.3695674210999943e-12,3.757933597589331e-24,8.115264005559527e-16,2.4886889147921624e-24
0.001112169223522661,1.3490659005482484e-07,6.064863981450803e-12,1.8641229070141544e-11,1.4761092541401073e-22,5.218990097563712e-15,1.3227863511768192e-22
0.0009574230949517437,8.657415757545655e-08,8.029208045546756e-13,4.033910516007229e-12,2.506526953912826e-24,2.6075806107876184e-16,6.813389979929072e-24
0.0009471754409348724,8.866499660817522e-08,7.114638955341672e-13,3.0260635648518677e-12,-1.5208453062498052e-24,-3.83720972408158e-16,-4.1715207985680796e-24
0.0009712124949686975,8.651787274057272e-08,7.182215866278726e-14,6.226197416999546e-13,1.2518086559789244e-25,1.728465038570087e-16,-4.0802957803562586e-26
0.0010000545627580335,1.0221916073118574e-07,2.1034868760782947e-12,6.647686484338171e-12,2.456843395297376e-23,2.0732330514285606e-15,-3.7867254532051696e-24
0.0009277746065482777,7.968640231095663e-08,7.424970386277858e-14,4.809254517402733e-13,5.611421768075079e-26,8.109950480305968e-17,7.14856973775915e-26
0.0009549726234628377,8.26659622544351e-08,3.656311963472638e-13,3.0083734912896262e-12,3.12363955133583e-24,8.481856799531606e-16,-4.447613481953852e-25
0.0009898383192615324,9.464309949224543e-08,8.584276382358842e-14,6.911251907297989e-13,1.6612714777370367e-25,2.0517305826260927e-16,2.720432178759223e-26
0.0010559987994063472,1.0311659461020985e-07,1.6790792548543075e-13,1.3415644645381724e-12,5.493888090811999e-25,3.699537264155675e-16,-3.21857976801623e-25
0.0009523265864344184,8.796058963432341e-08,8.03012055841706e-13,3.413904102279104e-12,8.700192826947574e-25,6.98266608600395e-17,5.5851092847451785e-24
0.001019409004201929,9.833175025577718e-08,4.450134054181553e-13,1.8087125356089586e-12,-6.96164952074109e-25,-3.5543046567816977e-16,1.4657904297919429e-24
0.0009640464058215659,9.139085471864123e-08,8.609687241707948e-13,4.556372652446568e-12,1.7075873863389863e-24,3.372760495193762e-16,8.861462520550976e-24
0.0009390156852604617,8.305455548020978e-08,3.0503112565031043e-13,1.5948075004849612e-12,3.7680035062162982e-25,4.4017126453694164e-17,1.0465678516449587e-24
0.0010966742735312597,1.1560472956201105e-07,1.0564464914451273e-12,4.81004143813951e-12,-2.735976231944522e-25,-4.694208132049461e-16,1.0839485753594621e-23
0.0009610164591489591,8.745724830449572e-08,2.890038408248742e-13,1.3954137414640912e-12,1.1964180980657263e-25,-6.719763972753349e-17,8.780343133301365e-25
0.0010097098689866757,9.237478420148311e-08,6.094798418321588e-13,4.581137412019847e-12,7.171720019465924e-24,1.2386348572943705e-15,2.6765576619404944e-24
0.0009773656460137648,9.735753149318661e-08,1.768933321975025e-12,6.08017938292179e-12,-6.1258617052706614e-24,-8.871541889169679e-16,1.897595525408817e-23
0.0010680713693037992,1.0551218159998706e-07,4.563805646388916e-13,3.270416203292652e-12,3.438201829105133e-24,8.578319144696526e-16,2.0353294579335576e-24
0.0010980353234205827,1.3067037245072348e-07,2.7944680476058743e-12,6.096797930910451e-12,1.1374558646660878e-23,1.0397392960487465e-15,-2.2447989166307244e-23
0.0010091851971256653,1.0016128819147794e-07,7.466429136093044e-13,2.2050682950688547e-12,-2.8054305950953566e-24,-6.944151255025686e-16,3.6726867788197435e-25
0.0010302628743853151,9.834863008633509e-08,8.37894328430819e-13,5.372092099386702e-12,7.965713065087194e-24,1.0383823267627585e-15,8.151720102415014e-24
0.0009782357837169668,8.856649655562979e-08,1.2735422391102094e-13,9.327856629161123e-13,3.21161929190133e-25,2.7165840505706216e-16,-1.4715566459823481e-26
0.0010241429886957605,9.918330582634244e-08,1.2911302769972083e-12,6.884451282628882e-12,7.98267180706085e-24,5.21376627081758e-16,1.8909361474454993e-23
0.0010436892514231598,9.995243159942986e-08,6.906827741079849e-13,4.8802911196661975e-12,8.958960260500149e-24,1.539607866855367e-15,-1.3635565086083765e-25
0.0009888384745969758,8.837327209486983e-08,5.601689942575605e-13,1.8158996214010657e-12,1.4586576941316022e-24,5.137862907971305e-16,1.107502228187872e-24
0.0011040174629039707,1.2011651290360124e-07,2.200156765560081e-12,8.42721515613556e-12,2.512362435305554e-24,-2.2146288897918463e-16,3.620007945790683e-23
0.0009507904628558356,8.280767664443462e-08,2.351504399084065e-13,1.927160929190346e-12,1.2227697632650441e-24,5.099131794851968e-16,-4.334681805427975e-25
0.0010629037035503443,1.0167587344578709e-07,3.056882943247593e-13,3.5917809104300362e-12,2.994554316916252e-24,8.035927912577644e-16,-2.2797752421340114e-24
0.0009808814081075862,9.06651447409023e-08,2.186246044451843e-13,9.508419599370499e-13,7.928424080803889e-26,4.9305249384743245e-17,-4.262113317373533e-25
0.0009039356917295404,7.769374362602953e-08,1.0432578130169481e-13,8.62437138879232e-13,2.567550446653241e-25,1.8274258096496327e-16,-3.161693467936573e-26
0.0009846778741982554,9.444147904008104e-08,4.93558057506442e-13,2.43400400601929e-12,1.7364107037422172e-24,3.699301414210113e-16,2.0253301476790883e-24
0.0010133633532287852,9.650018137265703e-08,1.2260966822540384e-12,7.739414236658496e-12,1.8043356428458138e-23,1.6747403998802801e-15,1.5583024273853202e-23
0.0009599983927506455,8.562474308952398e-08,4.120851298421304e-13,2.707511091264389e-12,2.7120696728098514e-24,7.594746027959244e-16,9.075408576983992e-25
0.001068480204971858,1.0536965335873974e-07,5.66542692374023e-13,4.45706157730266e-12,6.321050053260413e-24,1.2221402684095203e-15,3.194801039843094e-24
0.0011011854437127807,1.2323921706395168e-07,6.559549554626515e-12,2.3966842938083553e-11,2.981495542076653e-22,8.411351532896634e-15,3.7559863194971823e-23
0.0011047997033717064,1.2561616172100012e-07,3.862495979302745e-12,1.2632771426719945e-11,8.813953076681858e-23,4.477259218782814e-15,4.2792051827095945e-24
0.0009753441994472976,8.851486119406776e-08,5.246770406605327e-13,3.021199170304125e-12,1.5792546666466518e-24,1.9197004583670353e-16,-3.460444380453004e-24
0.0009387011102342958,8.458653315063445e-08,1.621032199146098e-13,1.1168776394622625e-12,3.842117797268554e-25,2.4161287283646507e-16,-2.7968775847360254e-25
0.0010548508171149005,1.123542184660012e-07,3.3463158701102356e-12,1.2998086095804269e-11,1.964418166429186e-23,1.4387302604709367e-16,8.344288750822074e-23
0.0010902475603897458,1.1027602250563816e-07,5.079859712173812e-13,4.107788382198876e-12,5.643220279550787e-24,1.2812780305638444e-15,1.83435709209448e-24
0.0011182327234308326,1.0529604021761787e-07,6.785835163404117e-13,8.578608975699246e-12,1.8833236351537003e-23,2.6484948799047222e-15,8.58566301432224e-24
0.0009473765675235929,8.673033677685641e-08,2.0119863415583114e-12,7.1704809279092016e-12,1.5166083211141428e-23,7.206175732671735e-16,-2.262213465107032e-23
0.0008993703763470474,7.798144674706659e-08,5.3732335561333804e-14,3.9298430982397643e-13,5.700498193418936e-26,1.0974090039276192e-16,-3.392827138740608e-27
0.0010455369320549676,1.15620449284659e-07,4.1989132061622655e-12,1.3320399289103445e-11,4.6875162495962274e-23,2.5171781633081536e-15,8.790200179005508e-23
0.0010302758093201727,9.708795237538605e-08,1.1186259353581495e-13,7.180128950025698e-13,1.4671510176745274e-25,1.256358585954279e-16,1.4100506137634873e-25
0.0009796600193801234,8.909091838631135e-08,3.050761737988282e-13,1.7165568427331544e-12,4.5237113210840655e-25,1.1059845843855644e-16,1.1569012582088048e-24
0.0009351166598227411,8.291138598599413e-08,5.650707947109911e-13,2.635017373392731e-12,1.6028369406369222e-24,1.4827454380741863e-16,2.7873487849347975e-24
0.0010015996394758257,1.032617783836967e-07,1.6372739538078353e-12,4.140893973281079e-12,-1.0340431504509837e-23,-1.2442782647775082e-15,-3.0542342258807847e-24
0.0010250971540587937,9.482803822725645e-08,8.597730963086357e-14,4.642845212661252e-13,9.035976431101009e-26,1.4183746367205188e-16,2.0972065077319398e-26
0.0009719540622917151,8.350322850233643e-08,1.1272160807343632e-12,7.822893613506552e-12,2.262260124294117e-23,2.1838403414122574e-15,-5.278685135759396e-24
0.0010694746436415061,1.0525336245323363e-07,2.167315727161593e-12,1.2725070801946242e-11,4.070058750208227e-23,2.174574623662843e-15,5.300281625242172e-23
0.001020394565942684,9.669100867029478e-08,4.3563323020538174e-13,3.121677661706935e-12,2.701993223136019e-25,1.9859746292205205e-17,3.630303919116899e-24
0.0009438778005360182,8.388618582316238e-08,2.0303193835728163e-13,1.0207518340837018e-12,1.062994708025006e-25,1.2379843148127976e-17,4.523674731267076e-25
0.0009527160118770416,8.597858339576098e-08,2.6623228142785895e-13,1.1192121827512095e-12,-3.0873872019766514e-25,-2.1274251681475442e-16,5.271895691938224e-25
0.000922388929958197,7.793725378369924e-08,2.8123794680431776e-13,2.2769033988679287e-12,1.72410858931458e-24,5.804731835293773e-16,5.892517086371475e-25
0.0009992881213236407,8.364444138673404e-08,1.9125781050054828e-12,1.773681086528072e-11,1.0281411160178481e-22,5.119549136065733e-15,1.0062687119846363e-23
0.0009731740639758054,8.297793615588482e-08,9.646240855037786e-13,8.922574969150012e-12,2.39864213116041e-23,2.353368183093591e-15,1.0481866370685324e-23
0.0009292101466937021,7.954024240856588e-08,1.0526161454456349e-13,7.885219732880369e-13,2.2619416547666163e-25,2.2152808947109218e-16,-2.1060243686237313e-26
0.0009568924531295514,8.363726076528454e-08,4.126380454273785e-13,4.6101566229563355e-12,4.12445649178312e-24,1.0315953814386355e-15,4.839424401856874e-24
0.0008948094228647408,7.364828949752284e-08,7.158881757034122e-13,1.5328486474156528e-12,1.5938708251865283e-24,4.146567501863327e-16,1.9476288626888859e-25
0.0009660351343496049,8.933980776769802e-08,9.51084243832078e-13,1.3030419736825032e-12,1.290506881917858e-24,3.287625865496985e-16,-6.624400427588943e-25
0.0009700682332833114,8.74233332225335e-08,1.9569218118432118e-13,1.100885400002493e-12,3.1821836597505737e-25,1.0833138469496913e-16,3.9979097809162246e-25
0.0009970395347982167,9.273237650666043e-08,9.020004482983091e-14,3.2041251562879717e-13,-3.488922590899069e-26,-8.059908294317754e-17,-4.18313555700414e-26
0.0009559756793066495,8.270109768638166e-08,3.881477613102952e-13,3.465426382567139e-12,3.840509182011009e-24,8.893758292456062e-16,1.1849080740268437e-24
0.0010977357435444492,1.1552036281429738e-07,5.074574581169862e-13,2.50867477601443e-12,-7.462852552334139e-25,-3.91630634942452e-16,2.7303675267392372e-24
0.0010228968165085313,1.0091081707128052e-07,9.153952290271298e-13,3.820605727414699e-12,-1.0542736524361893e-24,-4.610648178632243e-16,7.066797821871948e-24
0.0011070427431598218,1.0840176205021496e-07,2.6886837072912505e-13,2.8003658818814587e-12,2.313635363707771e-24,9.07513098839901e-16,-7.427004365289654e-25
0.0008626283304877606,6.912858222522376e-08,3.3771868992604667e-13,2.3960733035963553e-12,2.1400444968074105e-24,6.211757246870812e-16,2.5681678454892273e-25
0.0010826459463752019,1.1736226207680398e-07,1.010320921488729e-12,4.6372067429905954e-12,9.650178046472938e-24,1.4825578335886073e-15,2.760484536179588e-24
0.0008714739653061525,6.995540563950002e-08,2.565378232245869e-13,2.044092190438234e-12,1.4416031393064397e-24,5.310797477831635e-16,-3.3590651019808555e-25
0.0010620396355303116,1.0151517021955471e-07,1.4238900384207642e-12,1.1104453211540027e-11,4.3822327126817254e-23,3.498361830839355e-15,-5.413365269426479e-24
0.0010429420408942852,1.0921400030268875e-07,1.7324826367899343e-12,2.743580944047911e-12,-3.557064699923238e-24,-8.44444927050228e-16,4.8089290434502945e-24
0.0009228009810670933,7.907898171939588e-08,2.749614916904497e-13,2.0161719280712515e-12,1.3284983180228065e-24,4.6281252063157985e-16,-6.989825972183124e-25
0.0009581868886511131,9.123092893677962e-08,1.1137392299648925e-12,3.844738170061719e-12,-2.1257282691004434e-24,-4.719249246202204e-16,7.666706015431462e-24
0.0009740841163185202,8.86400766295944e-08,4.067500592840958e-13,2.9028210346657817e-12,2.638404338592779e-24,6.728321359422581e-16,1.7285914000838863e-24
0.0009739063096212921,8.998741933930619e-08,3.2728684864054953e-13,1.317342101451529e-12,-4.941262345810251e-25,-2.6575412301525986e-16,7.099651937516627e-25
0.0010364061820992594,9.892385756298418e-08,1.3542999819118896e-13,6.67243738970694e-13,-1.084380510902453e-25,-1.3603856646437653e-16,1.6873911828947322e-25
0.0009767116797195358,8.904565656093135e-08,8.930854315241309e-13,5.799742790396551e-12,7.19174673748859e-24,1.2167580325106915e-15,1.1068300784632312e-23
0.00098323154096636,8.931071964782574e-08,5.229284404976394e-14,3.474151542532098e-13,3.582271931392873e-26,6.064825547149184e-17,3.0157583508149976e-26
0.0010871727748464396,1.2647583201820578e-07,2.983314897626526e-12,3.856279419872419e-12,2.6689321268672074e-24,3.9265024178216097e-16,-1.2804643867617327e-23
0.0009533497492408926,8.37811408456314e-08,1.9043709179690888e-14,1.2938986903164108e-13,3.689898299925476e-27,3.3531803995293157e-17,5.2571236264380514e-27
0.0010622042229128646,1.1246493031286625e-07,5.080230472145194e-13,2.1334579190734396e-12,-1.3829834933596026e-24,-5.244498220771809e-16,-1.737997537755437e-24
0.0010212098641013238,9.526167676820811e-08,1.6247195049540453e-13,1.0392293277132322e-12,2.5823331772647135e-25,1.5886625535137414e-16,3.40100592173153e-25
0.0009887596210470574,9.381926773271425e-08,1.2516575129246887e-12,6.143918552956692e-12,3.0176531043593387e-24,1.0830221770614842e-16,1.6768331511245418e-23
0.0009891109587277336,9.538589014434111e-08,5.368471316305861e-13,2.380727305416767e-12,-1.458517536245129e-25,-1.8720637166421112e-16,2.6875167950521293e-24
0.0009756093181968956,9.174155466745651e-08,8.248614344537195e-13,3.295859419378357e-12,-1.0370255270894156e-24,-3.174152859347723e-16,5.334433623244458e-24
0.000994859527654987,9.50579669997174e-08,7.453921572091395e-13,3.5490162292880647e-12,1.2917308222392518e-24,9.593641159448877e-17,5.6259862835485775e-24
0.0009589221263876406,9.343361731233704e-08,9.45077734113181e-13,3.1094406176394437e-12,-2.186374620394616e-24,-5.82005370711519e-16,4.8613357816087556e-24
0.0010301293114973224,9.60533124695866e-08,3.098614086830175e-13,2.278756377152571e-12,9.562942295583748e-25,2.878653361838275e-16,1.658939869049094e-24
0.0011835620001662496,1.4727392369065847e-07,8.283167563265115e-12,1.0936527614613272e-11,4.0242477923930575e-23,1.633816563993619e-15,-9.599838535934158e-23
0.0009511788479746651,8.587836483740022e-08,5.97503839583695e-14,9.261847353441918e-14,-9.05047166237257e-28,2.2829706460240935e-17,-6.830260281262453e-27
0.0009501261404214334,8.601093699184226e-08,3.6184803218149356e-13,1.6376674503691863e-12,3.8550312295526734e-25,7.844082452654124e-17,1.2002825222186772e-24
0.001127558850911577,1.1000502106227607e-07,8.378112387992287e-13,9.102098464986832e-12,2.438162408653146e-23,2.89376488354564e-15,6.109298634555621e-24
0.0009161924257289521,7.927078788080797e-08,5.185142103648981e-13,2.694692964706367e-12,1.5360151306537321e-24,2.7110410970661026e-16,2.790431804173721e-24
0.0010268266874784832,1.019256766594434e-07,6.147468528819488e-13,3.1412889873358653e-12,4.957159177204947e-25,-7.154317777167956e-17,4.3370208624900465e-24
0.0010676056157572103,1.1206281315362163e-07,7.492276604896729e-12,1.555217074147651e-11,1.662502756990734e-22,4.982082374353804e-15,-2.3319985639020613e-23
0.0008921994540407225,7.419421038613305e-08,2.684417437707222e-14,3.1489401138350164e-13,2.850577031927675e-26,8.421107782962527e-17,5.0608857146486744e-27
0.0009344253319214472,8.326549181444066e-08,1.7172993461669048e-13,6.404000823237103e-13,-5.263024687409005e-26,-7.825837144136024e-17,-2.0574865236942986e-25
0.0010333940776460077,9.292000961113977e-08,8.170606777080691e-13,8.039985997310482e-12,2.0564462693696812e-23,2.435821283898491e-15,1.3199150858688775e-24
0.0010106043631253224,9.430272055927743e-08,1.240081515766392e-13,5.918835706569036e-13,-1.006910978793668e-25,-1.4152719496007305e-16,1.2479855029612232e-25
0.0008826805332961725,7.489201574448737e-08,1.7617754456615404e-13,1.1290743985577584e-12,4.950790968108834e-25,2.939297837212187e-16,9.207918868344324e-26
0.0009553006163995309,8.483090321387541e-08,1.4419104076057165e-13,9.908867984662145e-13,3.724432795419106e-25,2.873764016011748e-16,-3.9632492988743316e-26
0.0009654967673403972,9.141826388789787e-08,6.577787949506441e-13,2.1591505219855423e-12,-2.5667679891637487e-24,-6.526499509865669e-16,1.8104950505744328e-25
0.001035899443005574,1.0078694292351222e-07,2.2385474997906027e-12,8.509858511884765e-12,3.3644230312230256e-23,2.6637403864308155e-15,1.5735396436052582e-23
0.0010490779570504684,1.0645595330261681e-07,5.067388369625382e-13,2.6944799639949424e-12,2.5417322556188458e-24,5.518547111002218e-16,-1.858140878894677e-24
0.0010228147408235105,9.676041692382809e-08,2.9496647900231772e-12,8.464117324300197e-12,3.218971762845788e-23,1.8786339647505054e-15,-2.7430648075018437e-23
0.0010808776709383171,1.1387513511961191e-07,1.6300874277977176e-12,9.09958227463353e-12,3.4786544285215307e-23,3.0503364595964006e-15,-4.2560303514096575e-24
0.0010031988678091115,9.487732360749412e-08,2.470318391190511e-13,9.59873671070751e-13,-2.0586970569534828e-25,-1.569534424157568e-16,4.1963002155648035e-25
0.000907012721168354,7.714519648399524e-08,2.0521232417359e-13,1.2368665363787556e-12,5.270696548638545e-25,2.6450332898597443e-16,3.3241790421503855e-25
0.0010077098241199406,9.358076155950506e-08,7.784121259263824e-14,4.047043063089825e-13,3.543296256449894e-26,5.0633946925020315e-17,6.248350780101189e-26
0.0009915976431619687,9.25411184717222e-08,6.559954020640499e-13,3.555921802731684e-12,1.9995306436485327e-24,2.618710393508009e-16,5.0495037869350464e-24
0.001085025570299466,1.3703732115803394e-07,3.8994854718715425e-12,6.755007600786752e-12,-2.6679067580131744e-23,-1.4534514825817076e-15,2.2139851186310058e-23
0.0009611727416492693,8.67605769363153e-08,1.3286154604076354e-12,7.56771696915567e-12,1.2599759756575063e-23,9.251837146843356e-16,2.0422428863105377e-23
0.0009371242985854933,8.25926380048057e-08,1.825698246970983e-13,1.307247757776459e-12,6.371383846186762e-25,2.4749693015014384e-16,-4.3666813544707696e-26
0.0010098508754652722,9.622770142284289e-08,4.602914891603313e-13,1.682924114446468e-12,-1.1318583125583433e-24,-4.338994074272441e-16,9.554296664277468e-25
0.0009954976259463244,9.376722373217847e-08,6.099328643339209e-14,4.721395011727621e-13,7.973053714814725e-26,1.4102074860798057e-16,-7.900687279061408e-27
0.0009450490099286368,8.52266434935048e-08,1.1428836192178485e-13,4.897487583301038e-13,-3.7826785680118985e-26,-6.427118506699456e-17,-1.095188279997187e-25
0.0010005785731811647,8.920765251888011e-08,7.639721275534135e-13,6.7638826540452145e-12,1.5267797373341733e-23,1.983552371966935e-15,1.8177705228671836e-24
0.0008990824061653377,7.563378145902915e-08,1.766588513048439e-13,9.648847638629355e-13,2.482864095636612e-25,1.3283742701374846e-16,3.1152578123210733e-25
0.0010661709768251342,1.0931160060391056e-07,3.6996435871179265e-14,3.709542630607301e-13,4.2202825381300944e-26,1.212629698314691e-16,-1.0365274374143446e-26
0.0008951367346613615,7.311209284442045e-08,5.029373615764861e-13,3.953586997965601e-12,5.031982151362292e-24,9.721026961733042e-16,-2.3999252993645154e-24
0.0009805350335133343,8.74421346779017e-08,9.87795349312846e-13,6.736105875349112e-12,1.1882066375408572e-23,1.2398893009820443e-15,1.2678239453672131e-23
0.0009813744208748863,8.969180346025556e-08,3.834163939182591e-13,1.896439103859864e-12,1.2035265417378456e-24,5.488053317820597e-16,1.0801010786737313e-24
0.001046214330362858,9.482214433545298e-08,1.3409558989469393e-12,1.2997581468956422e-11,5.420877067442199e-23,3.997570198063772e-15,-2.4177105075548196e-24
0.0010690693990794405,1.1580748090119694e-07,4.468374335335934e-12,1.6418383500977373e-11,1.3742073632839553e-22,5.533799852734949e-15,2.986042799908115e-23
0.00112111968263957,1.1708819530716252e-07,1.1317816632976016e-11,3.130339160426546e-11,5.509959330449452e-22,1.0586595128154619e-14,2.0873237039766233e-22
0.0009998232392361957,9.376195730585488e-08,9.992377376555936e-14,6.046488154899811e-13,8.441066844201792e-26,6.711379720068635e-17,1.2232726879182985e-25
0.0011175978614747356,1.1412949448731188e-07,8.702297730123325e-13,6.223314520195664e-12,6.5872069001295135e-24,4.726348916847066e-16,1.2897959615008663e-23
0.0009983398507851895,9.091896533233838e-08,3.0316435955867634e-13,2.6691042033915108e-12,2.3951968293544577e-24,8.04808074456007e-16,-1.66450801959591e-25
0.0010711911038594779,1.054330453123327e-07,1.7558986495045227e-12,1.3295057965451967e-11,5.119964984372869e-23,2.9590511180184615e-15,3.879413224394377e-23
0.0010114489873093474,9.015660740251345e-08,9.757679681532633e-13,8.366078873432924e-12,2.3709328978691467e-23,2.4414026030833146e-15,-3.038276624451169e-24
0.000976633696457506,8.708837578885112e-08,2.870434614180107e-13,2.069532088904108e-12,1.286179288791839e-24,4.234738063649811e-16,9.434078834877345e-25
0.0009513127792075487,8.564622882447842e-08,1.267792639452562e-13,8.79670773674913e-13,2.597553484013213e-25,2.1361201894173177e-16,-1.3721058851043419e-25
0.0010921768578292014,1.1016999916338613e-07,2.4170187460987225e-13,2.261572545778031e-12,1.6011494618573182e-24,6.739247620845942e-16,-4.818254179971904e-25
0.0008786067658705109,6.94796333050068e-08,4.884771262693779e-13,4.133822199501466e-12,5.8104126911264775e-24,1.0849330833848577e-15,-8.634240638831537e-25
0.0009475214344169783,8.261695755116437e-08,2.296349574716777e-13,1.5621467276026997e-12,9.228045154252886e-25,4.407345292808561e-16,1.5435555491181973e-25
0.0009399611778329951,8.2958684935651e-08,7.769314867786974e-14,5.533864952156206e-13,1.0768644152640357e-25,1.4930842311680886e-16,-3.9624123270342996e-26
0.0009910391887402565,9.029388663154203e-08,3.3344636161797685e-13,1.5322610911697916e-12,5.716312021010483e-25,1.6794766673085882e-16,-9.342399049835006e-25
0.0010359371520868895,1.0143417369113123e-07,7.104069619158012e-12,1.8599697004350242e-11,2.0363345712386826e-22,5.859604542703129e-15,6.515248383951057e-23
0.0009504072470760423,8.40039276150238e-08,1.5281667469085158e-14,2.6435592930595297e-13,1.6209707645414583e-26,6.675591555509707e-17,-4.4230025320284326e-27
0.0010393947460111443,1.0264347929772027e-07,1.1151591415924623e-13,5.663561138064703e-13,-5.230055393454579e-26,-9.442222085008547e-17,1.3237475112293302e-25
0.0010579927439387264,1.2134382618566248e-07,1.784796397015306e-12,3.0308035734694473e-12,6.3314942920338535e-24,1.0033591222321407e-15,3.0986102534477856e-24
0.001097304024076982,1.1201571963992932e-07,7.168148093175468e-13,3.669092943530358e-12,6.671525821575956e-26,-2.91058541124894e-16,5.949962866228234e-24
0.001075021035249662,1.0605989838924034e-07,9.759991262401424e-14,4.80397635759834e-13,-5.0209123520295165e-26,-1.0848316184227005e-16,9.110247312807934e-26
0.0009191867832633847,7.800226153509988e-08,6.17828007571064e-14,8.759185709709421e-13,2.0350712456442498e-25,2.4460765058264396e-16,-1.0246407144525094e-26
0.0009956551804704492,9.758869162733045e-08,8.346769997469956e-13,2.7656412322689355e-12,-2.552856063490956e-24,-6.529810962201811e-16,3.337586084559025e-24
0.00104134291249362,9.82457380607753e-08,8.724982123823056e-13,9.04896900780801e-12,2.4888926190008666e-23,2.8183516595944796e-15,5.199173746361585e-24
0.0008400766521072848,6.702804806164133e-08,1.7096265170958714e-13,1.1238080906370463e-12,4.164378142289873e-25,2.3594099069328135e-16,-2.6311233603749387e-25
0.0010918585829879555,1.0875536986834185e-07,7.173639752482231e-13,4.154565631303626e-12,1.5538469528491966e-25,-2.593887768793304e-16,-7.170612850307253e-24
0.0010568295427850344,1.0156800835804476e-07,2.1103370443470568e-13,1.3621960161317287e-12,5.326410216096277e-25,2.7950366743459326e-16,4.997151127978675e-25
0.0009455365008512278,8.154901102475794e-08,3.033587203035214e-13,2.6857102311176578e-12,2.4038592426207844e-24,7.651225193850509e-16,-3.1331529135966752e-25
0.0008901029790435999,7.239825735788687e-08,3.1431358130069995e-13,2.5738528576732537e-12,2.296918518081016e-24,6.820670355250244e-16,2.890365726700083e-25
0.0009891077675018367,9.956099609861635e-08,7.092743478401151e-13,2.952331160868598e-12,3.871696128043895e-24,7.910431224618437e-16,1.806080629437778e-24
0.0009693961078760968,8.735940149362491e-08,9.370793751330484e-13,3.903522300080061e-12,7.180179858610282e-24,9.155118211262489e-16,-2.045085451881709e-24
0.0010107224257319698,9.461976037568116e-08,9.15623166177295e-13,9.148620932398339e-12,2.1830045362115534e-23,2.2097421279714042e-15,1.4985162674038323e-23
0.0008453755135037558,6.791544762325737e-08,2.529538216817028e-13,1.6632111485912747e-12,9.760745147454285e-25,3.703867745728647e-16,4.59447588881907e-25
0.0009464513519127024,8.163510329974566e-08,2.9237280969507396e-13,2.1814578062861116e-12,1.7384130709279056e-24,6.205828696041933e-16,-1.1424072702254592e-25
0.000918626652616498,8.029030176427464e-08,2.192588757510683e-12,1.0629080697473352e-11,2.691578969654394e-23,1.3198174562481973e-15,4.3686387742016344e-23
0.0010212310810952959,9.888732585441863e-08,5.088423027397755e-13,2.8290398767397476e-12,2.2626223468336097e-24,3.570767770080064e-16,2.530180184573831e-24
0.0010338372129300455,1.1958594281287097e-07,1.0809089750317289e-11,2.122074652487232e-11,5.0765294801163847e-23,2.656710416322213e-15,3.1735773775692404e-22
0.0010136300794042561,9.644980122472533e-08,2.5627102348798726e-13,1.908377839063371e-12,1.1235148909505194e-24,4.1962357851871816e-16,7.202998676879194e-25
0.0009758605425346358,8.645019170528662e-08,1.1844643299857963e-12,7.505051116371348e-12,1.5542279759245226e-23,1.414652466401639e-15,1.609794142239934e-23
0.0009033290625597927,7.784302649064188e-08,1.5339778281202281e-12,4.135941172094719e-12,8.822272042800134e-24,1.0540524967322374e-15,5.540361118587497e-24
0.0010361641150212523,9.554319707498845e-08,9.212753678186433e-13,8.545621394791549e-12,2.394326241730997e-23,2.6191884430228737e-15,1.2873913719619885e-24
0.0009312950682055661,7.794832141357432e-08,8.771940577917753e-13,6.8530824149301075e-12,1.595135113055904e-23,1.791476246184236e-15,-5.2803534723136605e-24
0.000901689146213476,7.626508325467663e-08,3.8794684973083826e-14,3.7119148026346696e-13,4.1551324275247927e-26,9.798902111129042e-17,-1.6049911350308181e-26
0.0008926658082572126,7.499937840241914e-08,8.170743990646863e-14,3.7251475213561677e-13,2.9030917265990473e-27,-2.0383607947812746e-17,6.492504925858282e-26
0.001004474785889409,9.274571840158648e-08,3.719942203537095e-13,2.7099854487034587e-12,2.282031007223737e-24,6.482257543722005e-16,1.4818347696134686e-24
0.0010729728541771328,1.052594173821807e-07,6.863962612893671e-13,5.469220319105971e-12,9.409141564890748e-24,1.5310602865683537e-15,4.874490963425821e-24
0.0009367378749550567,8.47660839884389e-08,5.337210435942379e-13,1.8534159695508242e-12,-5.297353635313426e-25,-3.1250526689973383e-16,1.765631892849826e-24
0.0010709133647324068,1.1642392569363434e-07,2.2176642436401553e-12,7.94808705213311e-12,-2.4130545761976285e-23,-2.1331341790150697e-15,2.304777399340697e-23
0.0010648967018694108,1.042422138291078e-07,1.8857522163495997e-14,1.1350722938150134e-13,3.9528883922888766e-27,1.0501046975555536e-17,-3.457194321484474e-27
0.0009483467215573398,8.316688922938503e-08,4.714733533750374e-14,8.547294814024597e-13,1.5328846785503633e-25,2.409086494542976e-16,-7.709093061649109e-26
0.0010976523981273021,1.0633857943396029e-07,8.206639996348467e-13,7.29414397107506e-12,1.780680459185102e-23,2.3623906906892345e-15,-1.1841727752068193e-24
0.0009077564820828758,7.818769362917357e-08,2.557621768094616e-13,1.6330225649684708e-12,6.503623552155844e-25,2.326997758479862e-16,-8.311698573365506e-25
0.0009698314708897289,8.790836112639281e-08,2.570735066844422e-13,1.2367747071733968e-12,-6.779765853199379e-26,-7.230190563647506e-17,6.940686492248495e-25
0.0009305719008099665,8.52548328688871e-08,9.937508037770508e-13,4.410389902853909e-12,2.3229390720275825e-24,4.703270903228731e-16,8.936258400223522e-24
0.0010099373718050184,9.715239299378333e-08,1.4464188558321606e-13,5.662331563913631e-13,-3.0367573584875654e-26,-7.133368470488388e-17,1.5917574606799057e-25
0.0010459085970513332,1.0389089757968063e-07,2.3602286018249546e-13,1.0823405237953935e-12,-2.9802795591860696e-25,-1.6971234954840425e-16,4.587345385891573e-25
0.0009935653037108218,1.0426292721461321e-07,8.884405920178407e-13,2.7838659288054497e-12,9.124035397258677e-25,1.3374613971081041e-17,4.281981673053244e-24
0.0009120769915948419,7.835948058095593e-08,4.146833057930298e-15,3.0650529096223915e-14,3.428520850754716e-28,8.576267688099012e-18,-4.312352124563135e-29
0.0010571765407743315,1.0083919671468875e-07,8.477221179464729e-13,7.340146840954323e-12,1.7803040853932563e-23,2.243548587320857e-15,4.2779601571924475e-24
0.0010091163146207244,9.445905288064645e-08,2.7112877914801797e-13,1.834162182688761e-12,1.148661828294488e-24,4.835171747057535e-16,5.945995156000547e-25
0.0009382357906098684,8.389720297178182e-08,5.651147487977389e-13,2.5016858742283488e-12,6.221080893386953e-25,2.080825845677136e-17,2.9087411162449017e-24
0.0009349655582565136,8.312870355453935e-08,5.6402093126781616e-14,1.8967637204404245e-13,-1.8901112773944791e-26,-5.4413320274048195e-17,5.257035870790243e-27
0.0010363931413037623,1.0236847545043273e-07,3.194220624290844e-13,9.804066950393193e-13,-3.370874911308944e-25,-2.4299464453304393e-16,4.328786868901919e-25
0.0009040671046383014,7.968808481632436e-08,4.660182682097148e-13,3.8250760778765453e-13,1.614214339258495e-25,1.0532939913414638e-16,-4.904761782969795e-27
0.0009494991254037027,7.996183647657454e-08,6.052808923063652e-13,4.798140491780374e-12,8.167173733935065e-24,1.3566545139544377e-15,3.9841122231896616e-25
0.0010490765557332107,1.0112016489941272e-07,6.640172502510348e-14,5.00005028747688e-13,9.056880987747528e-26,1.557733735146641e-16,9.887201129508898e-27
0.0009905967435963458,9.314056222639608e-08,1.00379686362209e-12,5.194181456854263e-12,5.967764899649336e-24,5.796111706072283e-16,1.0249604339423534e-23
0.001026414404683382,1.1888141618170782e-07,2.233222304775698e-12,7.342218774171662e-12,1.85357992604901e-23,1.1526862344530461e-15,-2.324534571975261e-23
0.000905338562947823,7.730656566928332e-08,2.9387673258974793e-13,1.937720605064628e-12,1.2813581410407996e-24,4.718939005386669e-16,-7.044670343802525e-25
0.001107322583624192,1.2788473587346043e-07,7.426245499152942e-12,1.4796319213121445e-11,7.27651611450586e-24,2.0462570048078816e-15,1.5493042964689956e-22
0.0009996794280902849,9.022719264793781e-08,1.181346259264178e-13,9.022657337622188e-13,2.4350856117439416e-25,2.1365166574417909e-16,1.6575819568708421e-25
0.0009461673174429005,8.388066808984805e-08,2.1874261930650134e-13,1.743618210401742e-12,1.0413879967034835e-24,4.823688159592091e-16,2.739635218653897e-25
0.0008984503015929807,7.651232919157559e-08,2.1618383017106836e-13,1.6508305388832995e-12,5.269091753216439e-25,3.7956370274897508e-16,8.336418382223951e-25
0.0010979485632374194,1.1049650164021117e-07,1.1612003031280682e-12,8.615091712921295e-12,1.5043121061743188e-23,1.2287675154130469e-15,2.2719773163199415e-23
0.001050258083725491,9.965254152657909e-08,1.5237840609577519e-13,1.7132024170302612e-12,8.664314036570455e-25,5.264548082325317e-16,-1.2453725049635937e-25
0.000928888069552843,8.353654664902469e-08,3.307750778456262e-13,1.748386017484976e-12,6.687608277375847e-25,1.6982539552548008e-16,-1.1491763458789556e-24
0.0008814531888633907,7.13716025914841e-08,5.050219799417205e-13,3.696619100118941e-12,5.034005967351809e-24,9.833413344455368e-16,4.1182791146695867e-25
0.0009830567305383002,9.027491256472001e-08,3.3182710147694245e-13,1.862983581964762e-12,7.0820880069966115e-25,2.0496498315923705e-16,1.2821824203184904e-24
0.0009373120592219299,8.846010211846642e-08,1.527520220987975e-12,5.2490975892011795e-12,1.4070884149299493e-23,1.50162575726249e-15,4.788862879598992e-24
0.0009814744589923563,9.015443216193558e-08,2.882360530842438e-13,1.2863929848009792e-12,2.037501747785534e-25,4.876897035884169e-18,7.563485814062357e-25
0.000985759387284449,8.703729084822349e-08,1.6207418128766815e-13,1.3816144189755454e-12,5.676535607124388e-25,3.533945248676701e-16,-3.2435889574726664e-25
0.0010597173608732162,1.0267003350159618e-07,5.66766174651841e-13,4.158922102700925e-12,4.106823345264379e-24,6.899351071407804e-16,4.889225386567167e-24
0.0010609317922085314,1.0360390292784127e-07,1.5788142340858114e-13,4.845385506885935e-13,-1.3157617486267946e-25,-1.5083350147677955e-16,-2.5458038247774823e-26
0.0008635418745893558,7.048248905342745e-08,2.392561174969372e-13,1.6108430930704562e-12,9.99331998059078e-25,4.2765528888650074e-16,-3.725568692058473e-26
0.0009755050525219258,9.729197195719393e-08,1.2885447065218797e-12,3.773656716932075e-12,-7.610992700120342e-24,-1.1343467451413031e-15,3.364150715395971e-24
0.0009288008608247271,8.007024197297494e-08,2.667821562601188e-13,1.7176830356273796e-12,9.277530676935045e-25,3.4052955668583403e-16,7.009299399686944e-25
0.0008527126374661212,6.856332898029941e-08,4.1664038091415245e-13,2.7178504293003686e-12,1.9761096741203483e-24,4.652951235025609e-16,2.1117416161340033e-24
0.0009413786593960502,8.342958596487149e-08,7.411835689150256e-14,5.731444817336663e-13,1.180841141910097e-25,1.1927887145927313e-16,-3.281105267357986e-27
0.0010672720495923066,1.0855223618694204e-07,1.1318247734917079e-12,5.486739930683077e-12,-1.3431216787891731e-24,-5.368809468836944e-16,1.360678760908902e-23
0.0010017704534892899,9.818980503174267e-08,6.664484045674657e-13,2.4356093724830146e-12,-3.0779758358785613e-24,-7.631997744006009e-16,-3.940149714696454e-25
0.0010896481768147641,1.0633159748122898e-07,1.572909623204668e-13,1.939385547972896e-12,9.915701750549555e-25,5.626485669744548e-16,-4.0514123307355316e-25
0.0009787654703256987,8.694765602413553e-08,3.9808952816128776e-13,3.289896004528381e-12,3.733834981605065e-24,9.512921076926114e-16,4.833355672925503e-25
0.0010463053066149457,1.0011698703015374e-07,6.213663781999326e-13,3.5181184506453054e-12,5.1780276901708466e-24,9.073908107024223e-16,-4.949716226797941e-25
0.0008486507104531263,7.037055903911511e-08,2.132761937046585e-13,9.622230510977449e-13,1.3661117132227115e-25,3.550320478058587e-17,-4.139376884810243e-25
0.0009133559812899384,7.973575991472948e-08,1.8955667397935306e-13,1.3315660997182223e-12,6.57446941788602e-25,3.5996659117995973e-16,1.236882813726373e-25
0.0009144757521439731,8.283180531181167e-08,5.262045838400904e-13,2.7669762129536805e-12,1.6798407539749357e-25,1.779904280021444e-16,3.334533329936633e-24
0.000954108973234679,8.334953594148167e-08,7.485545548665111e-14,6.462884117631471e-13,1.3200627190803919e-25,1.8631914716223386e-16,-5.273876939342045e-26
0.000984390564358297,1.0558092719772978e-07,3.246102982681659e-12,9.572989288558642e-12,-5.930610211820897e-24,-8.285212202288265e-16,5.303393754423572e-23
0.0009193637680458772,8.069140565386103e-08,2.5282119856353893e-13,1.1645220433297665e-12,2.594636000177706e-25,4.2035609663075396e-17,-5.761418214448654e-25
0.0008354068533240321,6.577638262666932e-08,1.2836311376238126e-13,9.543494514122273e-13,3.3400153516286773e-25,2.447456284524534e-16,-4.105174431805002e-27
0.0010317344447470687,9.403227755791918e-08,1.1074203223655622e-12,1.0186044987352222e-11,3.0782831757938154e-23,2.689516088008131e-15,-1.4926608724433e-23
0.0009471233512294848,8.30651216254981e-08,2.031784769260173e-13,1.4948596689086617e-12,8.23752990331419e-25,4.3077180895954997e-16,1.1522597396405924e-26
0.0010588249965711415,1.0260410589713747e-07,3.411927032682662e-13,3.024200408769931e-12,1.900735198512178e-24,4.608122213032188e-16,-2.4133277880900648e-24
0.0009991387196422352,9.08593298701912e-08,7.6715091256834e-14,5.932898516496099e-13,1.219369800407883e-25,1.7211006437822054e-16,3.394224127338959e-26
0.0009203183292439428,7.812827040212807e-08,1.8946516769502757e-13,1.622793121592782e-12,8.9496491379359e-25,4.521223249504584e-16,9.342348678252096e-26
0.0009363775064146441,9.119658782534258e-08,1.718359195799748e-12,5.399251915008267e-12,1.178531161164266e-23,1.116308478119098e-15,1.1470558160918575e-23
0.0008561792151551946,6.830923427083207e-08,2.926503334745979e-13,2.0614741577446837e-12,1.3106368766492284e-24,4.3434389063424694e-16,-9.19794817274128e-25
0.0009155081209398449,7.85217176796651e-08,1.686462951937783e-13,1.3235619750757743e-12,4.644510588722069e-25,2.6380322407787074e-16,-4.187061365918128e-25
0.0010333166806416672,9.994770725986588e-08,3.149833034405375e-13,2.4087887056856134e-12,1.9423262045722036e-24,6.698133996577868e-16,7.935424606237221e-25
0.0009380265736662804,8.140307479392972e-08,1.3612707028336127e-13,9.598153350130223e-13,2.7792650699071357e-25,1.9663293884697604e-16,-2.0766292027822907e-25
0.0010006812606854674,9.26249991807901e-08,1.2123522660004894e-13,7.637584358884141e-13,1.615505552259434e-25,1.3488976088943335e-16,1.670755597654969e-25
0.001063628978919064,1.0413528308444439e-07,7.957930335602323e-13,6.301098434940546e-12,1.1991604149158254e-23,1.6705303823418236e-15,-7.435804665780996e-24
0.0010769828148306734,1.2150309073785089e-07,6.892761539037091e-12,1.2062810170732339e-11,3.2816980770381496e-23,2.4557393689254555e-15,1.0498450603913113e-22
0.000952536526691985,8.776390928304979e-08,7.600533493561718e-13,3.186445419166697e-12,1.5835792042352586e-26,-1.888314756870752e-16,4.958833766753479e-24
0.0009280124730491077,8.080847291495847e-08,1.6204037929132567e-13,1.1449761537123085e-12,4.236058077424535e-25,2.3605918700310966e-16,2.5255804061215565e-25
0.00100236229612416,9.531358095504548e-08,1.860065120797575e-13,5.961514830725409e-13,-1.9578331768304913e-25,-1.840374406126348e-16,3.2834894557550397e-26
0.0010642605309640475,1.027537424007627e-07,5.037674331502765e-13,3.975432425810237e-12,4.986287322925975e-24,1.267120734753809e-15,2.6053082665973923e-24
0.0009688312740984257,8.932948886559155e-08,5.566090940302652e-13,2.4885210233387493e-12,-1.2595038324692672e-24,-4.564918286699564e-16,2.6441287772640483e-24
0.0010381572751476825,9.72372996485892e-08,1.0982274100113635e-12,7.362860990499785e-12,1.625503857807552e-23,1.5677485134248378e-15,1.3196018177022468e-23
0.001017716115470678,9.606400709667481e-08,2.047311579997902e-13,1.7690757351019048e-12,9.62275678842519e-25,4.715147384034005e-16,-4.555545446649933e-25
0.0010803431586750057,1.0625169534638194e-07,1.7852244074750328e-13,1.5460070728846986e-12,7.855552684890858e-25,4.773332361152646e-16,2.063339445656693e-25
0.0009333218301740475,8.324793791215328e-08,3.6109012229464344e-14,1.3670282953982201e-13,5.882805171960229e-28,-9.402597905994639e-18,9.586451301256066e-27
0.0009638030834397658,8.904948139329304e-08,2.8481500660230734e-13,2.271981483298956e-12,1.2537365896053742e-24,5.169901209648514e-16,1.3298049353954755e-24
0.0009175502247861713,8.05578160634841e-08,7.280913822396694e-14,4.701075673516124e-13,7.762169781638934e-26,1.0738096286053057e-16,-3.923425244409182e-26
0.0010437964414591056,9.744520429141022e-08,1.1433111948075484e-12,9.029099112392282e-12,2.604357200876219e-23,2.3546981768922755e-15,-1.2779547526679314e-23
0.0010325908690808148,9.815169677594059e-08,1.6913084134801623e-13,1.5148731323890751e-12,7.11465163545045e-25,4.2842624963067764e-16,2.8597637836087536e-25
0.000983494630064838,9.103562521088093e-08,3.490501331336078e-13,1.5031254280229455e-12,1.5550704170783077e-25,-2.1243500759617705e-17,1.0776088798756318e-24
0.0011181811809711792,1.1397819530238918e-07,9.814738077318443e-14,9.480424700581105e-13,2.4321190215496538e-25,1.9938576736893537e-16,1.5645437048252468e-25
0.0009573524696244721,8.370910672366055e-08,3.896865315152288e-13,2.8571923090311922e-12,2.9063088066793154e-24,7.731523075955262e-16,-8.01710520688656e-25
0.0009687449488541211,9.663539222794694e-08,8.105831912414746e-13,3.5659103134181494e-12,4.3210185524599865e-24,7.832845942964104e-16,-4.2524295067338e-24
0.0009334698443417939,8.336084301719699e-08,6.853834521662428e-13,1.691776363096769e-12,1.1092262582413793e-24,2.308062313153974e-16,-1.44508647167319e-24
0.0009232427705566973,8.724829242242539e-08,1.1583882001421695e-12,3.522797555986694e-12,5.650338796192128e-24,8.579491061107407e-16,4.326246666793992e-24
0.0010219020293660756,9.947859576729116e-08,8.51746349661923e-13,4.077961770392763e-12,3.7850014231884054e-24,4.866040715000237e-16,6.5905563441794466e-24
0.000862403932933608,7.060825786026598e-08,1.158547311944924e-13,8.125190673727944e-13,2.384794472136104e-25,2.0402864760113451e-16,-7.262049316729338e-26
0.0009604585815861083,8.664823034087869e-08,2.1699829190654612e-13,1.2206902413397844e-12,-9.905081120053723e-28,-4.5892370742426664e-17,6.282548166898717e-25
0.0009521648801520128,8.385756331611735e-08,1.6381513481738953e-13,1.4446403617155622e-12,3.7143743215414825e-25,2.1954495028855564e-16,-5.965967422753048e-25
0.0009317860561293783,8.518449469258404e-08,6.294600879122554e-13,2.170368069330511e-12,1.936360438266578e-25,-1.396566124272574e-16,2.5293870365826992e-24
0.001034254172098431,1.0324057785442586e-07,3.8197988500578614e-13,1.3598554690769315e-12,-2.0038490214419923e-26,-6.746989914855596e-17,9.798702707276559e-25
0.0010372921064508026,1.0359823215357834e-07,6.753275471082887e-13,3.3288830700736948e-12,-1.179149862314843e-24,-3.7718896329135253e-16,4.849916612917499e-24
0.0009320573143205611,8.117354750486023e-08,5.874857346750313e-14,3.6933474094650776e-13,4.264916224607779e-26,3.33406058454379e-17,3.377599588702521e-26
0.0009418602307831804,8.988963488981951e-08,1.2587009589379614e-12,1.1195963281510511e-12,-5.3769036098683965e-25,-3.231038010380953e-16,1.215467768239809e-24
0.0009884318778958694,8.823168971384599e-08,7.150573163734019e-13,5.4502239437869855e-12,9.550747910242342e-24,1.3162507283067971e-15,4.954793550852033e-24
0.0009873762642545081,9.935001747164186e-08,7.79909658500897e-13,2.66629342074434e-12,3.45209197034689e-24,7.458366807246849e-16,1.6930002283664575e-24
0.0009175231261859752,7.991305128772822e-08,8.311391639360586e-14,2.9213871633113267e-13,-4.514876481594432e-26,-8.253817594547635e-17,5.8167017392140664e-27
0.0009685569822328368,9.008592320122926e-08,7.977467161489102e-13,4.877722349161492e-12,4.616413891618666e-24,6.615477661770969e-16,-8.44206880719745e-24
0.0009145675061238492,7.711794290347105e-08,4.3909651154109514e-13,3.168158373214752e-12,3.3091993215627505e-24,7.4302504485427e-16,-1.7355866176324548e-24
0.0009104559823674513,7.346937786531525e-08,5.709899959358326e-13,5.118132989711754e-12,8.747045188764925e-24,1.3849758994735438e-15,2.0584914740051835e-25
0.0009015107631484315,7.130536750022238e-08,7.472391711535068e-13,6.780491052634441e-12,1.5257522970589088e-23,1.8105806424979973e-15,-3.8400096671351684e-25
0.0009772584900357394,8.698710219268473e-08,4.569729722065434e-13,5.954299816361605e-12,6.534436697289854e-24,1.446364011611795e-15,7.33273411531345e-24
0.001025526510982783,1.0636890252229246e-07,1.722682615673683e-12,6.1918242683632e-12,-1.2414913380632277e-23,-1.4407485464250083e-15,1.5962812412697463e-23
0.0009971534130512702,9.381660757858881e-08,5.647904682655459e-13,4.173583607736024e-12,1.1330089969682886e-24,4.992108342096879e-16,6.306813019608111e-24
0.0009636710056341629,8.677010336880687e-08,2.5932180594734977e-13,1.0330548548918846e-12,5.002057060394349e-25,2.885172842614014e-16,1.8892056699499578e-25
0.0009659407117072563,8.75608545701293e-08,1.1727406109115467e-13,8.705264840082859e-13,2.770045606154096e-25,2.5313242463750933e-16,-2.5180924363572414e-26
0.0010352658935098027,9.980368551349434e-08,5.84657011015568e-13,1.4871432419414386e-12,1.318596885837058e-24,4.698128611600448e-16,4.292026931453002e-25
0.0010325339211872727,1.0232310941596587e-07,5.877278763225789e-13,3.2195151647762504e-12,2.2253059015027573e-24,3.0670326241081714e-16,3.828992054226197e-24
0.0009358298668342815,8.426364581974618e-08,3.211988599546588e-13,8.942477580458957e-13,-4.491009425851429e-25,-2.5580508935516144e-16,1.6733572714982053e-25
0.0009933525253029308,8.965457357267657e-08,1.1110922614178822e-13,9.834031274910379e-13,3.15830213889699e-25,2.852383330043354e-16,-7.693903016270366e-26
0.0009995393985426032,9.074382770557871e-08,3.058473075071777e-13,2.425934850740886e-12,1.8289447058706158e-24,6.168370005334386e-16,1.010716433062065e-24
0.001003762494145476,9.56017613517232e-08,1.6310278841717068e-13,6.851360279086599e-13,-2.646454126382196e-26,-7.691263305650134e-17,-2.274977389370965e-25
0.001011718932521478,9.382242094764493e-08,1.8069856304295884e-12,1.1250111942595166e-11,3.023006627231381e-23,1.9004994358974627e-15,4.0731521683964896e-23
0.000963173900379685,8.62551432211745e-08,6.946862426277868e-14,2.3543033537827934e-13,-1.9030594833935966e-26,-5.2364745969105846e-17,2.3331384007088324e-26
0.0010040199403705988,9.495946046792554e-08,1.743913558667587e-13,3.204000700345042e-13,-9.800933256221798e-27,-6.281045014580232e-17,7.509898418206499e-26
0.0009191684626977093,8.098588029872796e-08,1.7909521270952078e-13,6.147355813332803e-13,-1.8416650104094303e-26,-6.369995954656279e-17,2.03140746022566e-25
0.0010599285005302751,1.1850258139424944e-07,3.807197959485629e-12,3.848498556885169e-12,1.0181259079767605e-23,1.165048783285482e-15,1.0646680785353929e-23
0.0010351002660623917,9.938836179158112e-08,4.368343325953824e-14,4.301545379895104e-13,5.764462474283327e-26,1.2446212819228021e-16,1.2408946505326045e-26
0.0009856537930641607,8.660945115066417e-08,7.090043082057183e-13,7.74808277065054e-12,1.813946226923471e-23,2.193524705936447e-15,-8.634021534268617e-25
0.0009640533423583466,8.721603344985036e-08,7.375533727461341e-13,1.3991181742551184e-12,1.4206166446771535e-24,3.9994846086642023e-16,-4.327699077037169e-26
0.0009190329907305264,8.083162067136255e-08,1.1451347547896737e-12,6.277040387499539e-12,9.057144862061584e-24,9.00931930528435e-16,1.418402134481127e-23
0.0010105604681856695,9.618372812870708e-08,1.1174350934800604e-12,6.118014789066433e-12,7.88663655597201e-24,5.122717509291723e-16,1.3917301948158846e-23
0.0010064308949708496,9.080631645284211e-08,8.264533282770933e-13,7.0972328209455884e-12,1.680335807936562e-23,2.098162596090009e-15,3.619140038492869e-24
0.0010094923157837753,9.658550732029816e-08,3.9821291924205286e-13,1.5852661854644355e-12,-3.656279783265208e-25,-2.2000747663838328e-16,1.2053007536357518e-24
0.0008777611198492651,7.02444080437817e-08,1.3468214348368835e-13,1.2438652096887916e-12,4.980156767838397e-25,3.243304306348284e-16,-1.0572318957202187e-25
0.0009335206143807695,8.324812229986264e-08,4.055257453867687e-13,1.642134091094371e-12,-2.2406789843029373e-26,-1.4882643076745085e-16,1.3398661696225179e-24
0.0011067759194546695,1.1079514092273654e-07,7.169484564605558e-13,6.26904639047214e-12,1.2595681249487401e-23,1.7569501524546837e-15,-4.241481792203266e-24
0.0009937018788103377,9.255939509307098e-08,1.1256402809906167e-12,4.641998427800817e-12,8.788859140353275e-24,8.319250872711023e-16,-5.9455685323371194e-24
0.0010063781978848318,9.830142026461838e-08,6.045451853603711e-13,2.463355327547629e-12,-2.4104751298544728e-24,-6.734456362549595e-16,-1.7961935963247886e-24
0.00096658797687939,8.92613215626329e-08,1.7083650956115445e-13,1.2262386994603358e-12,5.599867763893999e-25,3.6621129734966185e-16,-3.7567560830022163e-26
0.0009648884638725799,9.368120306427364e-08,8.004975361888653e-13,4.335558013781863e-12,-3.604243994986536e-25,8.493010073071339e-18,8.068906248700179e-24
0.001021189694449873,9.59100817076507e-08,1.2742498097814232e-15,4.99320688166784e-14,-3.1259037458959246e-28,1.5126525050265843e-17,-2.4682008799564446e-28
0.000977883646671974,9.172710888604016e-08,4.99471879502947e-13,1.8124890267532488e-12,-1.650611134798922e-24,-5.404789380883174e-16,4.994568103691608e-25
0.0009799567735421788,9.242042091632888e-08,2.6429510312680476e-14,2.500599600918975e-13,1.883189634138145e-26,6.547837544359625e-17,7.656238261618224e-27
0.0009569848392508653,8.580864241739668e-08,1.4185824382820334e-13,1.0237656283983424e-12,3.822041944391538e-25,2.9525266466410937e-16,7.832317305369791e-26
0.0010517281996383766,1.1877169219550781e-07,5.812603236468605e-12,9.83228185842455e-12,2.319949766657509e-23,1.9143023143600286e-15,7.061728233850664e-23
0.0009169107092928681,7.852727818519151e-08,1.111741706955827e-13,7.997897671594018e-13,2.3846494491195868e-25,2.2401099896445276e-16,-3.283612271118521e-27
0.0009679182230265762,9.036905179838745e-08,7.397028324591899e-13,4.037998337164625e-12,2.5076281396244988e-24,1.8557560531260926e-16,6.512664458541583e-24
0.0009682486640911617,8.679099201408543e-08,1.789508192965015e-13,1.3441793835276015e-12,6.044958933138619e-25,3.5215628105465414e-16,2.6305966169581965e-25
0.0009294403846031643,8.39185358282846e-08,5.689219492120624e-13,2.011284319204642e-12,-4.725308709423236e-25,-2.4770584760195253e-16,2.098943642575728e-24
0.0010423189452529148,1.0332938645244013e-07,3.041324374167145e-13,1.0919268458493434e-12,-5.735919717221412e-25,-3.3472322537908046e-16,2.5873733552862787e-25
0.0008534897668056024,6.527509509512125e-08,4.497178674953431e-13,3.730410207031017e-12,4.762350769454714e-24,9.33210354492351e-16,-8.160129866101001e-25
0.0010193917128842032,1.0076921845861563e-07,4.603647747147415e-13,2.3005408562643154e-12,5.92786749140188e-25,6.555190035431974e-17,-2.2921200891722727e-24
0.0008953439146608647,7.824951491304462e-08,1.8093384580644395e-13,8.415841429709423e-13,-2.411909716230672e-25,2.348832988068336e-16,-2.228788959501698e-25
0.0010372452383395577,9.599379405471939e-08,7.575068015206099e-14,5.123078341563496e-13,8.415919491350165e-26,1.2984773544774926e-16,-5.570155881115421e-26
0.0009821865583438446,9.752086376818695e-08,6.550786981935225e-13,2.4754102120339863e-12,3.1476200326106596e-24,7.708553556627725e-16,-1.7036481262960401e-25
0.0010284564074557459,1.0210089514853977e-07,4.2125999222539613e-13,2.248228184105821e-12,8.53536716058976e-25,1.8796494806638623e-16,-2.0145874816710298e-24
0.0009959968911053367,9.184542170919656e-08,1.75509429412984e-13,1.304225944027499e-12,5.668767835339887e-25,3.3079184549316937e-16,2.6080174380233703e-25
0.0010253675883370112,9.632547929829143e-08,6.868883140925447e-13,4.840422431672753e-12,7.9561737925115e-24,1.271928951081037e-15,-3.820866816248187e-24
0.0010792208136164668,1.2182767871505774e-07,3.692956576650169e-12,1.2820677086686773e-11,-1.411426918760104e-23,-1.7271648000204222e-15,8.708083371481755e-23
0.0009351522498732357,7.941863663198025e-08,2.944636320009806e-13,2.72522486051152e-12,2.4333846286376132e-24,7.593163173853781e-16,-1.9630429839379824e-25
0.0009136733438976074,7.888487345964919e-08,2.8358574239682997e-14,5.545872805922286e-13,4.7037923558345947e-26,1.2906080301222913e-16,-5.123118626678103e-26
0.0009017107276454396,7.76557781865166e-08,2.477012213773596e-13,1.5737284185187365e-12,7.8630792822021485e-25,3.2975873619996333e-16,5.891880439564972e-25
0.0009751586630150392,8.965178836440959e-08,7.250459008667628e-13,3.877156696787486e-12,2.027557039655712e-24,1.609333625650531e-16,6.176300178930499e-24
0.0009779047854683665,8.699901722462171e-08,9.688334538203787e-13,6.703613104153356e-12,1.2944406287720929e-23,1.3366570051455143e-15,-1.1149137545721083e-23
0.001037845975799653,9.607637925228509e-08,6.986413261201811e-13,6.489549082904245e-12,1.3727684990208687e-23,1.9938880988155578e-15,1.5783118617789322e-24
0.0010186706044995413,9.633037345501741e-08,7.773492635702327e-13,5.268390380934931e-12,6.085407832598843e-24,7.219283681860859e-16,8.754364882443208e-24
0.0010975762051458823,1.0729965925380361e-07,1.3330683908907252e-12,1.1672953007705876e-11,4.328582393145408e-23,3.612671979119341e-15,1.5704279859839345e-23
0.001050260632704459,1.0374249362827957e-07,1.8771943724683625e-12,9.675627670989327e-12,1.3071934546385419e-23,6.910948552171228e-16,3.910891540756146e-23
0.001073143023112568,9.956783245759927e-08,1.070194563209905e-12,1.109744732735343e-11,3.5808011135024644e-23,3.1188440301173313e-15,1.3431606581324954e-23
0.0010395175421860751,1.0059555866973594e-07,1.8563464208810993e-13,1.1111859614423772e-12,2.0675544706518918e-26,-3.2394980410360165e-17,5.042487914528293e-25
0.0010646946116785036,1.0976349481610269e-07,6.062937088964938e-13,3.3317990142010313e-12,-1.8464250534655274e-25,2.1918318959974984e-16,4.731832171560317e-24
0.0010101687626571075,9.398512511071178e-08,2.0298554137568479e-13,1.4241831689196044e-12,5.374904687136324e-25,2.9867431359276887e-16,5.454005143076639e-25
0.001083196912627043,1.0355847722678754e-07,5.292370617920027e-13,4.268175023625274e-12,5.2964329629916825e-24,9.308759723741433e-16,3.61918054285739e-24
0.0008781242159151467,7.454067971979587e-08,4.2653053486126034e-14,2.4937357941032914e-13,1.8173997454319806e-26,3.53054853085127e-17,-1.8197872234181816e-26
0.0010136898958155612,9.728014966717538e-08,1.8270562621682573e-12,9.405134325376507e-12,1.6389225313359835e-23,8.722356314705714e-16,3.537520299381462e-23
0.0009668236834651704,8.375396832128903e-08,2.7531515614406506e-13,2.6536382026784643e-12,1.6966742609065817e-24,5.995839641502395e-16,1.5053038100122857e-24
0.0008970739827999415,7.500898923047935e-08,2.4761622638145216e-13,1.8137318437625334e-12,1.1836063861225024e-24,4.833010914407604e-16,-2.7654428097177266e-25
0.0010121463787296217,9.46072607727191e-08,4.843749050019625e-13,3.921986145502677e-12,5.169677172943169e-24,1.1415593474579508e-15,-1.5797961607452339e-24
0.0010543458741543925,1.0377927678048919e-07,1.5232892728283533e-12,9.348330143310964e-12,1.4809097556648435e-23,9.99454754313337e-16,3.201813311722873e-23
0.0009157416295106455,7.643214209191602e-08,1.1296632449860071e-13,1.0685330793267322e-12,3.35760057176534e-25,2.3643637509278263e-16,-1.583836981118542e-25
0.0009610534572174049,7.985056821435632e-08,5.830064142869809e-13,6.15009996299215e-12,1.1295929381620312e-23,1.724458945513239e-15,2.8320958554896524e-24
0.0010220610754704987,9.680941200767158e-08,2.338636329972172e-13,1.3437563695600005e-12,1.3250048248957122e-25,-2.024261237789057e-18,-7.415452173935359e-25
0.0010622686743510894,1.0569943569322045e-07,4.964794233716072e-12,1.892134844888488e-11,1.8290279623145384e-22,6.137227614611264e-15,1.337683236907349e-23
0.0010178854844137694,9.35029004327093e-08,6.318551711251036e-13,4.415144349732178e-12,5.9711251485886185e-24,1.0203277664516916e-15,4.3275050602764026e-24
0.0009095562880430406,7.84668119945236e-08,6.768864139800938e-13,3.582194545256535e-12,3.1885223373746666e-24,7.435659753263893e-16,4.576883151081096e-24
0.0011400601511150942,1.0919972659409812e-07,7.57174137051651e-13,7.938620329725195e-12,1.895404790783213e-23,2.619895367381739e-15,4.422928332121301e-24
0.0009547179039865875,8.422360565746877e-08,5.201551756399279e-13,3.349143736261679e-12,3.804717018791759e-24,7.721192792879002e-16,2.2504590548172064e-24
0.001004522039454989,8.861096507112001e-08,1.2256907076364492e-12,1.068307327997764e-11,3.8637135469124515e-23,3.1785759895339662e-15,-1.2573405863303669e-24
0.0009634781741387728,8.736528457483785e-08,5.514551392813866e-13,2.522337298622864e-12,7.541239037865846e-25,5.098745753723523e-16,2.877640754042311e-24
0.0009265823216502388,7.664535302848202e-08,6.355236856698411e-13,5.49001145169473e-12,1.0029622465189568e-23,1.4980715181968663e-15,-2.137029411877708e-24
0.000982131120766029,9.328479767705438e-08,7.317757228070995e-13,2.736617411036258e-12,-3.284907650771333e-24,-7.494756841286324e-16,2.05108008536886e-24
0.0009687560889106721,8.909422425664584e-08,6.275032001781183e-13,3.375861099655547e-12,2.6434870471472958e-24,3.853367724668372e-16,4.1417117841162046e-24
0.0009361108290641565,8.210181679862566e-08,9.237081216517588e-14,7.037506975661662e-13,1.794189108848129e-25,2.015731561181092e-16,-2.016314716304327e-27
0.0009473998640755513,8.307316045463571e-08,3.727567272050106e-14,2.705754619296471e-13,1.9280467264509189e-26,3.874138219056768e-17,-1.9148418441193652e-26
0.0009421480735024583,7.770499964238267e-08,1.1351919097463854e-12,8.594689602195674e-12,2.492718965285106e-23,2.266711501359655e-15,9.967151214660338e-24
0.0009508741527688646,8.591364218244262e-08,7.531612808905014e-14,5.634588104655651e-13,8.748102637460652e-26,1.162390403058272e-16,7.629145687712442e-26
0.0009146687657109606,7.874223824035786e-08,2.2345925492575234e-14,1.557069720974892e-14,-1.9485933781246986e-28,-4.352045358041611e-18,2.153766701625145e-28
0.001084368373784126,1.216715320505586e-07,4.08313959816981e-12,1.4905568638747228e-11,9.515712559291032e-23,4.34011863829671e-15,6.683628158942538e-23
0.0010089869938334603,9.754735911408975e-08,4.977763035251608e-13,2.0147105117046746e-12,-1.5460231765623723e-24,-5.225135278417555e-16,1.2963568915329815e-24
0.0010026217815270887,9.529101896251526e-08,7.916887548423272e-14,6.265150724019174e-13,1.3123331860639338e-25,1.7430704273426372e-16,4.7403145888983294e-26
0.0010508531977740864,1.0115495789882522e-07,5.023922961396761e-13,3.6187195102753235e-12,4.1494745010851e-24,8.772210054609779e-16,2.566910473482212e-24
0.0009839991761659303,9.609438493883647e-08,1.4803531379645936e-12,5.352996367423974e-12,-4.417884916242871e-24,-6.453080401532642e-16,1.440661022906561e-23
0.0010256422471206948,9.756664430551566e-08,4.132543175183215e-13,3.123397026404669e-12,3.3927370621895565e-24,8.861944205913279e-16,-1.0399321145510267e-24
0.0010132256560198023,9.640750598536583e-08,3.563424973195753e-13,1.9770411520630043e-12,7.580134780805488e-25,2.1194515277397453e-16,1.4761787364959864e-24
0.0009766012820826102,9.154739761338165e-08,2.3449212198808066e-13,1.216305160935865e-12,2.27583180391504e-25,5.379228236349378e-17,6.0840032431305215e-25
0.0010298168718734753,9.82901339152123e-08,1.1085709410205453e-13,8.843096365891482e-13,2.759336867459537e-25,2.7641603509215176e-16,-2.2846624296652863e-26
0.0009650085585285672,8.518397243563841e-08,5.002054014155886e-13,3.4714903607405464e-12,3.5997319958339976e-24,7.420379549232259e-16,2.8228378764716345e-24
0.0009949640596089607,1.0281221462296407e-07,1.1410762366262922e-12,5.583299335224838e-12,-1.1417658460733157e-24,-2.3649902865505164e-16,1.4046355372803118e-23
0.00100713650991184,9.390540554543025e-08,7.065257205547333e-13,5.032501057241385e-12,8.789421216065253e-24,1.3568655963911202e-15,3.577040847356148e-24
0.0010522237585456548,1.0312664250562345e-07,8.548594797764342e-13,5.026241739354801e-12,4.307325573864639e-24,3.3260077904246745e-16,-9.486606453771585e-24
0.0010395775542541268,9.324326698270226e-08,1.7038969136349628e-12,1.389876127253126e-11,6.194512161877181e-23,3.817778773685202e-15,2.7158728575456614e-23
0.0010782434813358525,1.0644426428170323e-07,1.1806416260173066e-12,9.073723944411195e-12,2.5633054592467034e-23,2.376891323219886e-15,1.499863625408229e-23
0.0010557338530405333,1.0258572625260508e-07,3.8161093593467687e-13,2.516436613585235e-12,1.1079412383921238e-24,2.4959517185730376e-16,2.2030704364334543e-24
0.0009924814178326332,8.782182032762052e-08,5.065055897139229e-13,4.31457899507811e-12,6.260145213292143e-24,1.2288198030039381e-15,1.2216061738653231e-24
0.0009202256760148218,7.90633483789752e-08,1.441691508942208e-13,1.0856777483196547e-12,1.7451709537241295e-25,1.0123783930598081e-16,-3.924726347116158e-25
0.0010306226962867953,9.814284351954291e-08,1.1396950089560866e-13,1.042862775320993e-12,3.5659297760175947e-25,3.0576374701485595e-16,-4.586100453349354e-26
0.0010261628362768953,1.0429784888040261e-07,1.2383636922506963e-12,4.436752225984796e-12,-5.522201563791707e-24,-9.519841518684423e-16,8.812467119732624e-24
0.001065482460911223,1.1394450176702478e-07,3.905744408281621e-12,1.1776793138679139e-11,7.119952343674701e-23,3.737207924145106e-15,3.6195347125416386e-23
0.0009670532600920194,8.988520618268794e-08,5.011551217438612e-13,2.0802698755070826e-12,4.957705840021007e-25,5.216155179685783e-17,2.0653856843088877e-24
0.0010498279839826004,1.0198369306664788e-07,2.7646254259955038e-14,2.0977530079315658e-13,1.334979945458995e-26,3.8885866671897055e-17,8.774613074317938e-27
0.0010060123848761931,9.383540366493183e-08,1.0350154967844425e-13,8.596511288492365e-13,2.5130465293798025e-25,2.5888869759548007e-16,5.0977128170518257e-26
0.001034990425874099,8.164110563439564e-08,2.0011625038576276e-12,2.8738388791510344e-11,2.140881370064966e-22,8.041659685751328e-15,4.0787794278025125e-23
0.0009250664433017252,7.744171653448592e-08,1.0062549771156119e-12,7.529190284324751e-12,1.9187726593206307e-23,1.8597527895242244e-15,-7.830769748950546e-24
0.0008458047261338333,6.882294758497635e-08,1.4709863453874793e-13,8.966628286501967e-13,2.8525864918633346e-25,2.0056887379520624e-16,-1.5707945271664076e-25
0.000991739560672406,9.002158252821109e-08,9.598508637551477e-13,6.726462298010744e-12,1.4729603679612947e-23,1.611520261273731e-15,8.669517151668968e-24
0.001056475480920575,9.973907902458874e-08,8.367371006527316e-13,6.955034501252584e-12,1.4352072562208617e-23,1.7919700919952105e-15,8.69042680601551e-24
0.0010937376539467045,1.245411979403929e-07,3.4626309854654418e-12,1.1198983418520904e-11,6.282551698634574e-23,3.4064584138388335e-15,-3.027172107541534e-23
0.0008576800239965898,6.915092387769715e-08,3.042038932596212e-13,2.0982307581086662e-12,1.4960483578187832e-24,4.615281391661875e-16,-7.56278415652013e-25
0.0010450502783973482,1.0514703080859099e-07,2.3369817163715524e-12,1.1775292229258206e-11,1.6248367081597298e-23,5.041116421804026e-16,5.959577967141789e-23
0.0009407599048329137,8.3143229857672e-08,5.540058279286427e-13,2.0256148944077682e-12,2.123422396674842e-24,5.617638675826831e-16,3.0919871316510156e-25
0.0009627455578841392,8.582478038211758e-08,4.676395394204498e-13,2.7099161392418025e-12,1.212786899496694e-24,2.24086360896292e-16,2.7991936353994738e-24
0.0009250456010423905,7.970344629837964e-08,6.180990768342546e-14,9.55793552691001e-13,2.0921458407473494e-25,2.6177703090887404e-16,-1.0099012403198604e-25
0.0010221240792590892,9.593147960135278e-08,6.158775420562185e-13,4.790403011767027e-12,7.773402369593242e-24,1.320353666988103e-15,2.6977068859304473e-24
0.0009593620609921262,8.714550785886403e-08,3.461691824997934e-13,2.4509787341411247e-12,2.1241077382775206e-24,6.500641157993876e-16,7.649033276140319e-25
0.0009400028469648306,8.258969074128033e-08,5.821210817926144e-14,4.696989987413713e-13,7.580703365988771e-26,1.2729416725885691e-16,1.68951180865747e-26
0.0010213644884511956,9.805999476335951e-08,3.9173627691367985e-13,1.2726655112183972e-12,-8.38387539643354e-25,-3.731158525259513e-16,-3.234120228618036e-25
0.0009602990998611432,9.011354119023128e-08,6.083259969690944e-13,2.0835040749448423e-12,-1.914801669437905e-24,-5.451015033319002e-16,1.3548136537954221e-24
0.0009095486710586952,7.689422345455002e-08,1.8547892382794214e-12,1.074877158786079e-11,2.432218354404788e-23,1.7254053592943558e-15,-4.137439357614128e-23
0.0009462128989374424,8.230570740976974e-08,2.1639651577365295e-13,1.517275689513639e-12,6.791776093435617e-25,2.948382339702471e-16,5.427540420785366e-25
0.0009954089016870342,9.550417371417088e-08,2.9646706621384407e-13,1.5063569140226786e-12,6.701819287337286e-25,2.521987664863102e-16,-7.511375867293723e-25
0.0010179037870708852,9.769896502168497e-08,1.2238828518951604e-13,1.0445043682148852e-12,3.516638455147093e-25,3.0396610994670165e-16,-1.256951629943384e-25
0.0009547589711142576,8.621790284969945e-08,3.9036579015743684e-13,5.40646046794508e-13,-2.401261237641233e-25,-1.5755419621305163e-16,6.347351672926842e-26
0.0009814625991203993,8.715816871023789e-08,1.5850752010761117e-12,8.494626234000638e-12,2.5994189710990636e-23,2.391129981028536e-15,1.7201492316269395e-23
0.00112886692355127,1.174519715220785e-07,1.1003440043662034e-12,5.133179900849822e-12,-5.898368173315664e-24,-1.1033363118753036e-15,1.0678875442399637e-23
0.0009821387498557225,8.471698583821145e-08,4.24586687517848e-13,4.003206197734562e-12,4.781813755078229e-24,1.0542312477624976e-15,2.0912198422014137e-24
0.000919106746896724,7.941184592545469e-08,1.0031381851952853e-14,9.327469626238934e-14,2.8523809422764308e-27,-1.2961652312159162e-17,-6.667596034737107e-29
0.0010558599322486634,1.1902050251373936e-07,1.7640257143291433e-14,4.2149290419530317e-13,2.4269584516555885e-26,-7.155265898973484e-17,2.705373967888717e-26
0.0009918705799582383,8.817968258089892e-08,6.312922982903363e-13,4.695411203334702e-12,7.24908551994178e-24,1.270280450909756e-15,3.577936706467114e-24
0.0010211780051845886,9.772090742084842e-08,2.434461659628302e-12,6.77824125888466e-12,2.750988292685286e-23,1.9723749396778407e-15,-1.1637719455766352e-24
0.0009266124535790711,7.840998790163223e-08,3.6830619739671156e-13,2.722529590344011e-12,2.6695941796909465e-24,7.426588533601783e-16,5.528371275852321e-25
0.0009739829097062242,8.783520116435314e-08,1.8848762527157002e-14,1.456277899423619e-13,3.179866493359027e-27,1.4790687802400117e-17,-6.935478668793175e-27
0.000934733160235885,8.17191746763047e-08,4.760417607270946e-13,3.305873542698384e-12,3.92649254139927e-24,8.715300588769668e-16,-1.3347954019570138e-24
0.0009488462310730421,8.496496187899719e-08,3.666324230786507e-13,2.3899392791611028e-12,1.98796504055218e-24,5.845144200563638e-16,-1.0260846249970192e-24
0.0011706866085299389,1.4403552242827467e-07,1.4569114705063427e-12,2.4578609652308778e-12,4.450105963852218e-24,9.304476689474249e-16,1.352396605022971e-24
0.0009319208646029432,8.320878388156229e-08,2.2630782611594559e-13,8.57440745242443e-13,-1.4567696013755029e-25,-1.338772296345587e-16,3.484844489789307e-25
0.0010345087727205967,9.93976659986656e-08,2.1314232845831372e-13,1.6401682887639486e-12,5.334676905599374e-25,2.0356278508856942e-16,8.09852178597367e-25
0.0009796107410831065,8.986664799541587e-08,1.3246869995828087e-13,1.1479294169221292e-12,4.1121334862890887e-25,3.1089073063260233e-16,1.7687746805689942e-25
0.0010298245199076368,1.0284416287606201e-07,3.7214392597403517e-13,3.815045742886078e-12,-6.835180888823586e-25,-3.1657495133775814e-16,4.4940630538921725e-24
0.0008806705147507874,7.37663237279653e-08,3.216924608280367e-13,9.329779775587416e-13,4.0928885838186047e-25,2.495025038768716e-16,3.0615663541245483e-25
0.0009344709908467331,8.316886178641973e-08,1.0997551353095044e-13,4.650147897560194e-13,5.535265643360193e-27,-9.622958486321146e-18,1.0501363107710754e-25
0.0009698282744307473,9.226940313494674e-08,9.30636542540784e-13,4.309934629349215e-12,2.3930738498965327e-24,1.5858842995940755e-16,-8.293331804864892e-24
0.0010992995510374693,1.1518434551680327e-07,1.1703657067831633e-12,4.9526947423732125e-12,-2.7129166550245027e-24,-6.10601238466507e-16,1.1611314493872342e-23
0.000955700896522169,8.425497644719544e-08,3.564112336630217e-13,2.5232732556791966e-12,2.0739856484198015e-24,5.972785002806905e-16,1.1935199383915583e-24
0.0009570347911335152,8.519514454973145e-08,2.6393286846004573e-14,5.104366278424037e-13,4.7606104810034435e-26,1.4896085175341009e-16,-3.526690503004943e-26
0.0010377015071420812,9.975291617067438e-08,7.105685619775858e-13,4.750392271127443e-12,7.593099763670012e-24,1.1079647254060451e-15,-4.303099993206347e-24
0.0008904705816479043,7.425005344057364e-08,2.342778687761303e-13,1.653447737349239e-12,1.0206640751547452e-24,4.501339451900751e-16,-1.3138201742784622e-25
0.0008945807351223453,7.623678514632894e-08,6.148548168330112e-13,3.604361211950803e-12,4.3033024999474935e-24,7.124106058272597e-16,3.205095548439122e-24
0.001052634218759506,1.0500243975916562e-07,3.911588241880586e-13,2.404904976150793e-12,1.338874263537948e-24,2.359374335386041e-16,1.9099782540316343e-24
0.0009994296193824683,9.102206617537605e-08,7.568340902687489e-14,7.154835913258601e-13,1.5755550703200158e-25,1.9275594749272613e-16,-5.382078357762173e-26
0.0009411721068149624,8.090836311611437e-08,1.6989132559553592e-13,1.3923987010223658e-12,6.768177859740361e-25,3.9588073553296606e-16,2.3393045694945744e-26
0.0010603484114296293,1.1464459145499501e-07,4.804904703520179e-12,1.7860895262791077e-11,1.3028454724478345e-22,5.096940939617022e-15,1.0199744359053136e-22
0.0009196774569212843,7.934163276659291e-08,2.4612018827833245e-13,1.7525424988199953e-12,1.0477173980463775e-24,4.491032392727904e-16,-4.765460809842146e-25
0.0010545091154075445,1.0400204287460586e-07,3.5489527321135454e-13,2.243298107655508e-12,2.7663597794032813e-25,1.1884407243629299e-17,-1.9824066144856974e-24
0.001023183112504078,1.0284676079583905e-07,1.172901821593077e-12,4.732753246227316e-12,3.124039234699616e-25,-2.4833144045980426e-16,1.1146309850524169e-23
0.001027262865718944,9.804999309281248e-08,3.5769761318419627e-13,2.0974857710681114e-12,1.2731193172831205e-24,3.2192072288458984e-16,1.296117608246613e-24
0.0009655725542203682,8.77787560050366e-08,4.900599112678529e-13,3.4466518681346537e-12,4.4181930803549516e-24,9.970234621564593e-16,7.380208878107377e-25
0.000964308400637618,8.783601379125023e-08,3.8638082539309107e-13,1.736966977852895e-12,-8.472251650773921e-26,-1.0092426756400858e-16,1.4204435757377703e-24
0.0009524762856063318,8.492013540508126e-08,2.644914630696127e-13,1.2540299147475368e-12,-9.545119197090415e-26,-1.0685759428655212e-16,-7.158815454799218e-25
0.001000035076492027,9.617295686831593e-08,8.34596042427696e-14,6.184888319596596e-13,1.3761394837615961e-25,1.782865182166742e-16,-2.8426619298749243e-26
0.0008804478527452927,7.381323035051882e-08,1.479913580474211e-13,1.0160437845588662e-12,3.935486922337896e-25,2.7339962717115183e-16,1.8673529801066638e-26
0.000918715082173889,7.8544287189564e-08,5.136313165316517e-13,3.6804563200666154e-12,4.835342108670825e-24,9.900686095026678e-16,-1.492091422857311e-24
0.0009276638773800926,8.051016786687239e-08,7.908761639036675e-14,6.927738016692918e-13,1.6008532613543735e-25,1.5966058911405098e-16,-2.585100349082614e-26
0.0010514176586227252,1.0180498902833524e-07,1.391605839720541e-13,4.765054480410152e-13,2.5551365037536087e-26,1.0951305164881527e-17,-1.2001451168690622e-25
0.0010394463436156668,1.0452468285277258e-07,3.2618012565324443e-13,1.4243577856256412e-12,-7.735768889321371e-25,-4.160128715794662e-16,5.866441199329263e-25
0.0010100881644382982,9.542697062440095e-08,2.2039465536870234e-13,1.1966599545839634e-12,3.9414027077096462e-25,2.3869590479865475e-16,-4.715126519009323e-25
0.0009309432994937331,8.172303495994829e-08,3.023404161281045e-14,2.986355024630628e-13,2.8304262894765486e-26,7.457691132442557e-17,2.0247855707411107e-27
0.0009720326453159007,8.6023907628162e-08,8.058820605760855e-13,3.841822440230275e-12,6.757510351194013e-24,9.924900476925344e-16,-1.8054851077686812e-25
0.0009347567841935431,8.095505551246076e-08,2.4617360070602804e-13,1.6475522620566894e-12,1.0224509448755318e-24,4.4248504160137035e-16,-2.356320665022941e-25
0.0009584701040906149,8.780461041396312e-08,2.794936936981249e-13,1.3895800744441464e-12,5.794409887582388e-25,1.7432842079413262e-16,6.435694434312621e-25
0.0010313898886024852,9.846673598550659e-08,6.62474055232321e-14,8.117767756799832e-13,1.8738461206692966e-25,2.52376771197825e-16,-1.8049527155731297e-26
0.0009726244579250968,8.642411788261216e-08,2.0702484459621867e-13,1.2648768239037227e-12,4.0249145664196095e-25,1.9668478827540668e-16,5.069077129891859e-25
0.0009751215059333512,8.622573110764297e-08,1.5288190290684e-12,9.682787607173112e-12,2.0797600988781256e-23,1.623945193068738e-15,3.090884960445845e-23
0.0009132583765202533,7.828686084604097e-08,2.989067502652935e-13,2.1175344796750874e-12,1.5171199737944575e-24,5.305922118010726e-16,7.324231872439483e-25
0.0010152479107253375,9.191763149837674e-08,1.856786905943814e-12,1.1419829606245672e-11,5.1906486317373596e-23,3.205284229772733e-15,-8.426641783770592e-24
0.0010159480222009906,9.510739320032888e-08,1.045027758002686e-13,8.85518094608034e-13,2.2500840885907453e-25,2.0765068052434971e-16,-1.4810481902644332e-25
0.0009474405662236609,8.306238903105374e-08,4.744924687112219e-13,3.3114358976426236e-12,3.4994666756797604e-24,6.616342141313314e-16,2.2323663179787525e-24
0.0008956994193477911,7.92142235279406e-08,6.161302971713967e-14,6.307171470765611e-13,-1.1884565974298556e-25,-1.3957738852362132e-16,3.653127581990756e-26
0.0009733995006966964,9.201649271581691e-08,8.228556938174073e-13,4.144495621613334e-12,3.001128471508151e-24,2.8211564563545264e-16,7.04072394352806e-24
0.001028812986078805,1.0161674386900634e-07,3.239936313863922e-12,1.1998365110828392e-11,6.329936742217853e-23,2.2040614090388754e-15,-3.986868532263555e-23
0.0009371642405963849,8.064992410343687e-08,2.76091593902621e-13,2.0548278055608376e-12,1.5451285873245454e-24,5.819943451823819e-16,-8.936214764586096e-26
0.0009480208798338479,8.485577177588167e-08,4.024632352677086e-13,1.8327252302579017e-12,-7.185440582149828e-26,-9.334132187400883e-17,1.5723750628735411e-24
0.0010742080753659844,1.0546749968120324e-07,1.23265758272111e-12,8.30029397410337e-12,1.6770611343160395e-23,1.3754455276384308e-15,2.058249426007577e-23
0.0010511199757956974,1.0198589026565215e-07,1.2754315453741088e-13,1.2324118213135792e-12,4.879647417061192e-25,3.932147708643183e-16,-2.5102848842675793e-26
0.0010194999944054422,9.69018837137775e-08,3.6041144082220984e-14,1.6173270552493573e-13,-1.1893161681055083e-26,-5.0091253725108727e-17,3.3204542941322965e-27
0.0010594824909856194,1.046443285573393e-07,8.587716499907315e-14,8.75209424965552e-13,2.321049657836144e-25,2.797373039901328e-16,-6.082429638717796e-26
0.0009085788261397724,7.757667741056376e-08,2.7506908786554995e-13,2.0438276321401665e-12,1.3997231063301278e-24,4.896866910228449e-16,6.238500017866722e-25
0.0010168355613972518,1.1075442114388449e-07,2.7747571797098797e-12,7.012061457570622e-12,-1.9346073223612848e-23,-1.7237529596161883e-15,2.4132952262820307e-23
0.0009401348134013745,8.245703433036956e-08,3.257940044762326e-14,2.2437530704083449e-13,-1.2968819049006073e-26,-4.602629957981562e-17,-1.4136019986161964e-26
0.0008721060338556712,7.131445067734955e-08,2.8063713329187683e-13,1.901508757217731e-12,1.355454667635512e-24,4.905970694379003e-16,3.0368067037649966e-25
0.0009569546243266376,8.479192583631547e-08,2.4469264652263606e-13,1.787937658141281e-12,1.1318841479401098e-24,4.845668253303511e-16,-3.426198927288677e-25
0.0009716829284360701,8.817897594288015e-08,7.001839442985024e-13,4.990749220825528e-12,7.684414650094464e-24,1.0936061665362665e-15,-5.290356248249179e-24
0.0009648413864501856,8.719944889804901e-08,5.758567344413376e-13,4.080893633723634e-12,6.03411415895861e-24,1.1530143097823337e-15,-1.6510034549081629e-24
0.0011644447759691062,1.387149267988783e-07,4.524363898209035e-12,1.5834038846518715e-11,1.2939252891111017e-22,5.7584292106367994e-15,3.4909335497925914e-23
0.00102929218335998,1.013737038269314e-07,5.364280137766667e-13,2.2012009015557495e-12,6.768692034620262e-25,-3.099285775085846e-17,2.2941430693777334e-24
0.0009988277270483671,9.121820891495992e-08,8.975341496162206e-14,8.823600531736711e-13,2.3849688462314003e-25,2.3698571863856025e-16,-6.911658975393928e-26
0.0010516833883559803,1.1529940621999008e-07,4.041784053531485e-12,1.3203996024924577e-11,8.966998145546971e-23,4.0358108183747385e-15,-3.554874758790365e-23
0.001000309209845439,9.830497167156475e-08,6.235135327292863e-13,2.126731492021345e-12,-1.976354674957529e-24,-5.412465327575505e-16,-1.4462745927755607e-24
0.0009587326969489186,8.511059537597884e-08,2.772957562656298e-13,1.7781992862996448e-12,7.893361153644394e-25,2.6993427859335924e-16,9.675155599581485e-25
0.000928636518289671,8.344524276519378e-08,2.79285964740293e-13,7.840161151574717e-13,-1.5423887104539567e-25,-1.7055443913873845e-16,3.3287215037672805e-25
